var,m1,m2,v1,v2,diff,t,p,na,sk,kr,lb,ub,out
v001,3015.8252129493044,2995.8334563685635,5330.5713622343055,7190.552023842953,19.991756580740912,7.115398328071391,1.1825424927695654e-12,42.0,0.23721365907885203,0.3883747424590567,2570.619592416541,3458.45350509416,0
v002,2496.1308088496403,2494.2821791268757,6603.41696258697,5330.586101283293,1.8486297227645991,0.59955273237288,0.5488162386521009,57.0,-0.03265536991940888,0.6015692283838305,2011.4755680040114,2980.5490293022676,0
v003,2200.5316060193445,2198.858313934426,857.3093073839636,908.3862499937867,1.6732920849185575,1.492771080943585,0.1355248439845806,110.0,-0.1878653591695945,0.6241035239914359,2024.3995425016296,2376.4484248650338,0
v004,1402.7371392491787,1292.5598247282608,201777.20439879,113599.38398799722,110.17731452091789,6.528343117994819,6.932752441008762e-11,100.0,0.8749981650858499,1.2328062745520514,-1266.1311938331146,4057.367827965324,0
v005,4.833146900826447,-2.228219781718963,3501.5577220612117,1.4390912461791874,7.06136668254541,3.23062241549504,0.0012387205875142545,110.0,9.297794292529707,95.42911987458793,-339.20301302834133,347.95972387976036,149
v006,100.0,100.0,0.0,0.0,0.0,0.0,1.0,99.0,0.0,-3.0,100.0,100.0,0
v007,101.08949845937059,102.01816725543476,40.33012009250608,24.445677471048786,-0.9286687960641729,-3.886542714556932,0.00010225894796262398,110.0,-0.06577745400795813,0.44931304795857807,63.51046007027239,138.78864935772165,0
v008,0.12168177648820666,0.1227730612244898,8.900351604252118e-05,3.722733804148364e-06,-0.0010912847362831435,-3.1313911058922335,0.0017441959410319826,72.0,-6.1231931705411595,42.12628367492122,0.06689704747060783,0.17660698966048943,40
v009,1.4621156095743688,1.4807740189445195,0.005647739150878851,0.0034417100286771476,-0.01865840937015073,-6.6119704140554045,3.960675247338661e-11,15.0,-0.03477066054077391,-0.10812278991886703,1.01728075710969,1.9093534882719765,0
v010,-0.0004782373765604622,-0.005683220568335588,0.000230763970581493,0.00018897139828597206,0.005204983191775126,9.06243322717734,1.4819566152831522e-19,18.0,0.1928412950355732,0.244481625747746,-0.09174628735188671,0.09011928482421304,0
v011,1.8741271762405716e-05,0.0028294993234100133,8.689244109701995e-05,9.718316655115131e-05,-0.0028107580516476076,-7.8987586751420125,3.0735148941873136e-15,11.0,0.027937558764589497,0.41627838689053087,-0.05609245777004879,0.056491813170745656,0
v012,0.9646280700121033,0.9610565040650407,0.00015854590566958572,0.00010222246103186943,0.0035715659470625383,7.5403364136962345,5.040768684083143e-14,12.0,-5.209319123212538,72.12290823441323,0.8895346476057274,1.039262251078827,34
v013,199.9606824329359,199.91010364864866,10.468482364660165,6.926667508011029,0.05057878428723939,0.4158651019844865,0.6775164947261212,15.0,3.017310959771702,29.827261813945626,180.75776932152868,219.15707266174078,31
v014,0.0,0.0,0.0,0.0,0.0,0.0,1.0,23.0,0.0,-3.0,0.0,0.0,0
v015,9.120327482054629,7.465939783491204,7.739878696729283,7.154712471260657,1.6543876985634247,15.674187993222176,8.403084354450122e-55,25.0,0.10172791298744092,0.056469242037353595,-7.81475993615795,25.84215962218621,0
v016,413.1344756615729,412.64131621621624,340.8681598339673,52.82370273700326,0.493159445356639,0.7227485852690047,0.46984909641953165,19.0,8.83666530653643,117.52253961034222,305.38698223767443,520.8183467023534,77
v017,9.89294761461051,9.972628997289972,5.449861755675047,0.3208717119395631,-0.07968138267946223,-0.925333682814774,0.3548118340762658,21.0,17.71777207972774,328.9985476972708,-3.678613084006596,23.474761994207118,31
v018,0.9715232683881794,0.9703343243243244,0.00015633325864351205,4.7981959624035414e-05,0.0011889440638549464,2.559705417279462,0.010488800964759406,24.0,-11.382147180106713,210.9689653501051,0.8981036720435804,1.044789412459777,34
v019,190.0663553504847,189.93934763193505,7.73516022075071,6.733474332660376,0.1270077185496632,1.2057848536811313,0.22792534057848132,24.0,0.10551415904129637,1.347379014883611,173.4402437805524,206.67609669210827,1
v020,12.476653600823044,12.537603137789903,0.05044432490238222,0.003387860495605306,-0.06094953696685934,-7.329971665935277,2.4573723685723204e-13,66.0,-4.743354124447624,27.861350640238616,11.170861404255223,13.790266543228363,19
v021,1.4047959445632965,1.407796081081081,0.00028374799285422884,0.00020761661520316,-0.003000136517784524,-4.727333713105921,2.301895332461562e-06,0.0,-1.2934175786154696,8.262115088883679,1.304703114127904,1.5052751819298806,19
v022,-5655.014319331409,-5040.455333694182,332294.2537605743,822260.4660149263,-614.5589856372271,-26.79177141140287,1.989978204585039e-153,13.0,1.1651554074876438,3.9513230432575615,-9345.712083055121,-1885.1809761712252,6
v023,2712.3702669086847,2511.8527246612466,75283.0303425906,195718.4651731556,200.5175422474381,18.28832423482755,1.1349835162195863e-73,10.0,-1.0489619038371196,3.8254510188569286,945.8085000349427,4453.153452443064,6
v024,-3822.414745367352,-3697.477968614131,1898209.4459319182,1958579.8420190183,-124.93677675322124,-2.3775011388659855,0.01744668024210458,16.0,0.18359915251673084,0.8144228437620589,-12091.02729646383,4462.224553910453,0
v025,-304.9472946172471,-833.8666386178863,8686681.146677688,5835096.505277607,528.9193440006393,4.766337078048139,1.899087213322652e-06,15.0,-0.022996433872935484,0.9437953015731759,-17851.985433576385,17174.06322568165,0
v026,1.2090476953161375,1.1544491869918698,0.028710963603134576,0.061734298432173935,0.054598508324267714,8.171019871963608,3.3782628869563194e-16,14.0,-1.189450178402268,2.1978669041742656,0.14898085796592042,2.2620928895290695,1
v027,1.9480061690429595,1.8102953929539296,0.028716697331930042,0.11027885968023886,0.13771077608902993,19.637092776231977,1.8061005211375517e-84,22.0,-3.0065210972428766,11.17622714614165,0.8150816152718439,3.063208069966625,21
v028,6.666145444382336,6.37435602165088,1.4418345759053601,2.6859497712746663,0.2917894227314557,6.2193415200450195,5.166148156355966e-10,18.0,-1.069894071593365,1.557795395381512,-0.7666558985395522,14.061357249537545,2
v029,69.73938898407673,66.53199093369419,11.37088736130069,9.338578283183274,3.207398050382537,25.155734329971068,5.6751534261088055e-136,13.0,-0.05414633411429873,-0.11490310562428174,48.87077224004074,90.19499524558393,0
v030,2.3609630353817503,2.420346811397558,0.1702657872469547,0.13552187781930272,-0.05938377601580758,-3.804403861334721,0.0001428838282892042,14.0,-0.17072730377088027,0.1465480811609483,-0.0962084260884919,4.825761201203941,0
v031,0.18324530216966198,0.1950871447902571,0.001089263001536083,0.0009663831272025847,-0.011841842620595122,-9.469019230298876,3.3755147928892217e-21,13.0,-0.16813001151966978,0.1608596281828487,-0.01405722294101236,0.3820726785953075,0
v032,3.68700258917761,3.431067388362652,0.28871570306334027,0.18188880038490451,0.255935200814958,12.67632999061617,1.4064511618709111e-36,15.0,0.5956870589018651,-0.01996031668095144,0.46309139915744923,6.877951751766217,0
v033,85.27841248138496,86.12840094594594,3.719711175276575,8.266306247644572,-0.8499884645609797,-11.165201859091427,8.49058868599115e-29,7.0,3.085015729162793,13.008809180497845,73.25015085936049,97.41621632977224,18
v034,8.898140874825499,9.795294722598104,1.470131799777343,5.6803951753786155,-0.8971538477726053,-17.88044209541774,1.50988202021253e-70,7.0,4.6031591847680255,25.81732802920416,0.9305310666325965,16.98121510194978,19
v035,50.58240114514478,50.580327432432426,1.404642224664424,1.4330449015062536,0.00207371271235246,0.04600781393437677,0.9633048222079622,10.0,3.2352379407270178,11.642707019314702,43.46689359507491,57.69764137574646,35
v036,64.57058566775244,64.26179243243243,6.905851936702608,3.0122900015935348,0.30879323532001024,3.1494756293266244,0.001639831641182127,6.0,4.108699760179834,21.26722732061346,49.06598472928063,80.03539435648342,21
v037,49.41818125290888,49.41875162162162,1.399825757000962,1.4321082588742275,-0.0005703687127365242,-0.012674988387757371,0.9898873134807462,8.0,-3.2354110614482514,11.647289653040696,42.31440648573619,56.52202953272589,36
v038,66.21193486921716,66.31591918918919,0.09278166575479342,0.07775079638364485,-0.10398431997202806,-9.02950543508395,1.9987450458020482e-19,8.0,0.0014314669805171325,0.9824872588876503,64.39422020212955,68.04305167804115,0
v039,86.82185583883874,87.00800945945946,0.17913120234143992,0.44269525885491756,-0.18615362062071483,-11.061136217471336,2.690153770834456e-28,4.0,0.5555152990732932,1.3674685133201345,84.16292550839162,89.50477044355404,0
v040,118.67635604579725,118.59886124661247,3.3718793574068915,2.2861420398529897,0.07749479918477675,1.120660135427765,0.2624560018098625,10.0,2.362420709530096,9.477268363830815,107.76812807467712,129.57462126771466,20
v041,68.36782666792668,57.32366507503411,577.1912573392831,665.745967330254,11.044161592892571,11.97667984004639,7.436685290981054e-33,176.0,-0.9179032518478121,0.37033375121054357,-78.11922817863342,213.42397202308769,0
v042,3.361887366531229,3.384290983606558,6.079012656520592,1.1856818825177726,-0.022403617075328786,-0.24419291782050126,0.8070858401229628,176.0,6.086391712078134,48.30308884036821,-11.039596185227452,17.76626962756064,161
v043,70.0,70.0,0.0,0.0,0.0,0.0,1.0,4.0,0.0,-3.0,70.0,70.0,0
v044,355.5973213554273,354.4848862162162,39.57275922975897,31.465811296210287,1.1124351392111294,4.683913665633447,2.8467750401071853e-06,9.0,0.30140293789512984,-0.13194239378158956,317.9970229624746,393.0542297461127,0
v045,10.033158004467609,10.003398918918919,0.031258185463242646,0.023956538510331717,0.029759085548690223,4.462512236881374,8.177551329055653e-06,7.0,-0.10370277350361788,0.24949986851569195,8.977579039000759,11.084901769080052,0
v046,136.76593870637507,136.81914945945945,60.612405551575954,68.65253773113638,-0.05321075308438594,-0.17907145359682236,0.8578847557112113,6.0,0.1529581336607131,-0.016156916182304748,89.86000112291649,183.67873322623458,0
v047,733.8041709299079,732.0283994594595,149.88629570995823,128.91727179009445,1.775771470448376,3.833728314573328,0.0001268894987027188,8.0,0.16915617443172934,0.018562648074518684,660.5207802446718,806.8586892145287,0
v048,1.1753726528333488,1.212926251691475,0.036276919247409986,0.029468403835660142,-0.03755359885812615,-5.216182141551614,1.8582791389587137e-07,5.0,-0.19726082330815145,-0.3419097760211791,0.040616018091210515,2.3149616242559947,0
v049,140.0024163548357,139.43970945945946,20.520869356894103,20.522143611547744,0.5627068953762375,3.2683943919859018,0.0010847758005134136,8.0,0.02035324386871871,0.0972268109493033,112.77466214928647,167.1576454184223,0
v050,1.0,1.0,0.0,0.0,0.0,0.0,1.0,5.0,0.0,-3.0,1.0,1.0,0
v051,632.3695271034996,630.7305728378377,76.19288256212859,55.53569339058735,1.638954265661937,4.984073825181699,6.31674130491162e-07,7.0,0.22510925298198545,0.023918343346722715,580.2958862945093,684.2319477528608,0
v052,157.4968241228478,156.8668198917456,3673.5385518620133,3717.4499663517036,0.6300042311022196,0.2732204686584698,0.7846886605608551,7.0,-0.2620990075470592,-0.2944244912035283,-206.32707064641232,521.2396368428595,0
v053,0.0,0.0,0.0,0.0,0.0,0.0,1.0,7.0,0.0,-3.0,0.0,0.0,0
v054,4.592617423747785,4.595009769335142,0.0030540437672802153,0.0010362005566043303,-0.0023923455873573474,-1.1617216448258976,0.2453727537729789,33.0,-3.400518909252678,19.76483327533492,4.268299700976468,4.917242906808485,46
v055,4.837849123624837,4.843518070652174,0.0035496511260384215,0.0015789328566807159,-0.005668947027337445,-2.5427885939234565,0.011010210754426918,29.0,-2.52368117619959,13.31465465747894,4.48707780876994,5.189348469366512,41
v056,2856.3018346078525,2854.90564504749,643.7323276689414,883.7050309437561,1.3961895603624725,1.4280811114757943,0.1532957688750476,31.0,0.2207879995574542,-0.056284004866217874,2702.1619230300394,3010.262166481305,0
v057,0.9286011279947796,0.9322688346883469,4.74154798015349e-05,2.090668005133241e-05,-0.0036677066935673075,-14.25489165108364,1.026749478332196e-45,26.0,-1.3514875287915127,3.9078280947886688,0.8879150268727848,0.9697594083648949,6
v058,0.9492892307692308,0.9487043301759134,1.7499767451869276e-05,1.7031363337990615e-05,0.0005849005933173945,3.6795376999446474,0.00023472780942548313,27.0,-0.13627138564457797,0.09676314684447407,0.9241598178395387,0.9743432351960508,0
v059,4.590169961764432,4.629188722826087,0.007351418787043865,0.006002378171972051,-0.03901876106165503,-12.013875743614106,4.7448731115355676e-33,32.0,-0.05060445091420658,0.2389908098974507,4.078081962794283,5.107270231987112,0
v060,2.1443639301391615,14.075450339213024,79.61181311668875,101.06947783647067,-11.931086409073863,-34.81268143114532,1.7420468901384254e-252,47.0,2.528478629511026,18.54498978603204,-53.869848199596085,59.69531333416442,43
v061,355.2123897972531,354.1141040595399,37.140439476752555,30.779768652585112,1.0982857377131836,4.76461970636709,1.91536986874089e-06,49.0,0.17193392365210866,0.02537707081868623,318.74376183018705,391.53914865748993,0
v062,10.419743455546227,10.460759239130436,0.07280045949415997,0.11249511224105295,-0.041015783584208876,-3.9213354853332687,8.857297115314861e-05,36.0,-0.11697899147759215,0.44534699835589686,8.774371412045864,12.070386143606688,0
v063,116.68601270197068,114.77141058344641,72.46098340355059,98.49803237757806,1.9146021185242716,5.839064362511628,5.392165976397761e-09,47.0,3.0681847072164548,33.271441907467455,64.82676985663761,168.29865265297443,42
v064,13.761903103093747,17.34103270013569,50.23576492885932,52.41902852736674,-3.5791295970419412,-13.241358795574564,9.922503752584389e-40,55.0,5.761590090135869,72.49970209157767,-28.916591101600478,56.90171569061762,43
v065,20.318758137795644,23.519597425474252,22.197238125842755,51.38385217742892,-3.2008392876786083,-17.13912389567003,4.9062349132786216e-65,56.0,0.6491121155767067,1.114781843446666,-9.29120947191237,50.34188174126086,0
v066,26.906445540300737,30.129448513513513,48.683883946810624,74.94635031354312,-3.2230029732127754,-11.946400850208132,1.0605508037592079e-32,44.0,1.6670730963519294,7.321785644336119,-15.735203637154505,69.96480166283808,15
v067,706.9979706975441,702.5013218453189,134.96443797665714,137.32020911488902,4.496648852225235,10.158205752876006,3.855961368595193e-24,45.0,-0.06146765054766995,0.5996470541694556,636.6541353166878,776.7627338777905,0
v068,11.179077766364736,108.61653932432431,75232.86824181046,369892.00831793837,-97.43746155795957,-8.34985517344579,7.619849938681238e-17,42.0,10.438482523338223,122.3709780762623,-1830.1080095646998,1865.0618016688136,102
v069,147.53475338128155,145.7055918699187,15.958636495258533,47.33139512175199,1.8291615113628552,11.334886554712844,1.267922255747526e-29,47.0,-1.5455153705176268,10.788182662309895,121.83419128024153,172.99939776205142,24
v070,1.0,1.0,0.0,0.0,0.0,0.0,1.0,47.0,0.0,-3.0,1.0,1.0,0
v071,619.4293430370301,614.5832831967214,89.51133620282862,91.67797907767896,4.846059840308726,13.397631698387736,1.2619676053539957e-40,38.0,0.49077237963603826,3.038268545072868,561.868492627335,676.3707372687622,6
v072,104.79183831575017,102.55995853658537,993.4392765021004,1278.6144518240044,2.2318797791647995,1.8436687454405034,0.0652572611892279,42.0,0.6318497478065276,0.857087521925934,-86.22483909923311,295.5207827799039,0
v073,150.3982598670465,150.9139931034483,354.3529782896029,153.13638582926083,-0.5157332364017861,-0.5238903448469138,0.6003753959426009,5849.0,-5.029732081702756,37.06171298000626,39.65271969700075,261.21272291200313,55
v074,468.1995339164786,465.85282645502645,340.9527063861439,21.877969338608615,2.3467074614521266,2.465109719127505,0.013726432679776421,5797.0,6.5880017700821005,49.202436148250385,360.6949542684713,575.3925380743456,75
v075,0.0032515261831419767,-0.003043766937669377,0.010989081747343808,1.1440655738307722e-06,0.0062952931208113535,1.631339007112681,0.10284631106637189,40.0,17.269617552128178,296.27534858317483,-0.6055924558757496,0.6112840635955995,38
v076,-0.007191949673635418,-0.0027665757162346517,0.0004516776712315257,0.0010602402610724697,-0.004425373957400766,-5.228320697249819,1.7410999846781363e-07,187.0,0.26107002681634084,3.391271406523586,-0.14002345675418662,0.12621347798560914,3
v077,-0.02852147917257013,-0.04414822888283379,0.0010852568614808389,0.0011848400991781003,0.01562674971026366,12.39104564133556,4.928440588079897e-35,170.0,-0.09839627660096115,0.1362787164860242,-0.22911168510694788,0.17004239794150314,0
v078,-0.007310640310224156,-0.008034610123119014,0.0009705419005831536,0.00112816451282724,0.0007239698128948587,0.6044899049549728,0.545530113371783,187.0,0.3364085557838176,0.16080742034030093,-0.19525114697897553,0.18053623190466553,0
v079,-0.012353444853983554,-0.03160782967032967,0.0022414869212604035,0.002539763226094744,0.019254384816346115,10.568868248368924,5.491614424897425e-26,182.0,0.00882826308145439,0.5816951230896401,-0.3002646084469427,0.2730787741556703,1
v080,0.0023079270597127738,0.01776779891304348,0.0005121858173409893,0.0006409652609989649,-0.015459871853330705,-17.775251333537447,9.709546608766108e-70,171.0,0.5489162023246372,0.5099620428676803,-0.13547165711329118,0.14209784085887422,0
v081,-0.017492229889403535,-0.03324525447042641,0.002351811960795699,0.0029845393403965877,0.015753024581022873,8.39996812218633,4.9989910345484675e-17,185.0,-0.11650018404929495,-0.0208836893634472,-0.3128826717276252,0.2758723055503741,0
v082,-0.021438048411497733,-0.018004911323328786,0.0002832955186117459,0.00035559994852354644,-0.003433137088168947,-5.296796586027433,1.2006406093176582e-07,182.0,-0.2726360905520005,0.48154255600550444,-0.12315646970121041,0.08072541478919343,0
v083,0.006248789941387786,0.002570491803278688,0.00130683607350962,0.0012840144495526002,0.0036782981381090975,2.6638371206662255,0.007736448712080719,181.0,0.11498555301869798,0.5769843119556239,-0.2108263551127819,0.22284780515699057,1
v084,7.461486643708116,7.343933648648649,0.26302308588600687,0.30332270556447716,0.1175529950594667,6.001477308228744,2.0143169938510363e-09,7.0,-0.03068098735648445,0.039582636777720115,4.356918727216678,10.550904923079385,0
v085,0.13312098557241897,0.1329031377899045,2.565990623365297e-05,2.153871964902079e-05,0.00021784778251446313,1.132153964628655,0.25759351270284975,84.0,0.09370028407332674,0.018058295922325218,0.1028703049464863,0.16334366892920404,0
v086,0.11280943517329908,0.11212127659574468,8.79607662360469e-06,9.634166094715172e-06,0.0006881585775544014,2.178831407418544,0.0294852794173609,9839.0,-1.4017854414506885,3.0736570599954858,0.09490741461460558,0.13063314228612077,0
v087,2.401374402381174,2.408489054054054,0.0014190090991195628,0.0011246461723110114,-0.007114651672880168,-5.0031022049997,5.724961944322054e-07,0.0,-0.15480567451633223,0.31238496241828173,2.1770924681862374,2.6265726784502608,0
v088,0.9827231606362199,0.9809637837837837,0.0001435028886513099,0.0003523895661778151,0.0017593768524362119,3.69534371207783,0.00022060966328234246,0.0,-2.851096949169429,21.21982707626052,0.9074033029111774,1.0578164168695205,50
v089,1807.1576833410847,1818.4141255405405,2868.0698893281105,2597.3387413262076,-11.256442199455705,-5.547408301786702,2.96351990303526e-08,0.0,-0.12288790167980435,0.23740977689604748,1487.1185915124606,2128.646564957821,0
v090,0.18754405082787834,0.2010994421199442,0.0016494226766478445,0.01345178550248163,-0.013555391292065871,-7.150274701536627,9.204746218249489e-13,386.0,8.36370620605152,88.85271418042764,-0.10682733741333672,0.48366586060108996,65
v091,8839.30655932008,8658.091844335664,157323.48426177155,94883.25533357995,181.2147149844168,11.971029119722889,8.014908422062472e-33,363.0,0.18508737544743895,0.2947327185241262,6463.349095322797,11191.977085644134,0
v092,0.00117955924922962,0.010291327913279132,0.0079283655953978,0.004451763425371296,-0.009111768664049513,-2.727643041989555,0.006388586090858686,44.0,-0.10352014937271806,0.41909090867445364,-0.5250324805608811,0.5285664894715129,0
v093,0.0005066970938897168,0.00034216216216216214,1.0494178712524391e-05,9.101954723329553e-06,0.00016453493172755468,1.3421131489290914,0.17958586688482192,15.0,0.6343008339937435,2.2973995900847157,-0.01885820225011897,0.019850377223977457,4
v094,-0.000591870751466617,0.00019594594594594597,8.993348884019653e-06,9.085504516695316e-06,-0.000787816697412563,-6.909824001217544,5.109398983450562e-12,12.0,-0.593047944790968,1.2755910549754033,-0.018576981440266895,0.01749481400407907,0
v095,-3.2312289876727675e-05,-4.002713704206242e-05,3.1117955328537614e-08,2.1235325349536896e-08,7.714847165334744e-06,1.1603349399502703,0.24593667166726826,46.0,-0.3543313235005692,4.0698880311327885,-0.001080376080654197,0.0010147579067791425,8
v096,6.338343758752684e-05,0.00011603260869565218,1.1488233820898975e-08,1.0654170363797693e-08,-5.264917110812534e-05,-12.920752087225434,6.327796320721875e-38,44.0,-0.1341668616464466,2.3951678505481198,-0.0005794637724402978,0.0007130009437515585,2
v097,0.019291433909388138,0.00522598105548038,0.04909530647089775,0.02992360303680723,0.014065452853907758,1.6904397219563452,0.09097109907262087,47.0,0.5640511468073217,4.113818908157792,-1.2943219047216488,1.3310882102092405,5
v098,0.0,0.0,0.0,0.0,0.0,0.0,1.0,45.0,0.0,-3.0,0.0,0.0,0
v099,-0.014463027642883826,-0.09130189701897018,0.18728135784744968,0.09597653421620649,0.07683886937608636,4.740414177556517,2.158526321371281e-06,45.0,-0.5530922163332018,4.846019924169591,-2.5772870537876647,2.5384523691816887,14
v100,0.0008132748319641524,0.026475848032564454,0.003454110259762757,0.011578238573498614,-0.0256625732006003,-10.686538146309836,1.5694335466918077e-26,42.0,1.564689834598165,13.785939672957678,-0.37775597811574285,0.38268645239297233,50
v101,-3.548959208438346e-05,0.00014769647696476966,1.2136546462747549e-07,2.019824749129445e-07,-0.00018318606904915312,-13.530531395301624,2.1474632570080855e-41,40.0,0.08416077037617033,2.2852795534578787,-0.002175061530724666,0.002127694488544944,6
v102,-3.306557070801419e-06,-4.932249322493225e-05,5.104184473420772e-08,2.3208495585634282e-08,4.601593615413083e-05,5.44831510260455,5.1902255264094784e-08,47.0,-0.1454410976119977,4.408565580131961,-0.001339469448018878,0.0013269213879000387,7
v103,0.0029328540752497434,-0.018409472259810558,0.0038819992108917764,0.004869306793623552,0.0213423263350603,8.933407825987787,4.76060513315302e-19,41.0,-0.27050654169953314,2.1547480376512187,-0.3766257621144302,0.3797365394070067,2
v104,-0.010048630774962741,-0.006226251691474965,8.312303667665762e-06,1.1467710998896188e-05,-0.0038223790834877756,-34.44304501417178,1.7583749705870515e-247,16.0,0.6308210921142222,2.241203332106358,-0.028193172763123123,0.008588240301249482,2
v105,-7.236658284436993e-06,-0.00029878213802435723,6.352913293266858e-07,2.147545940276723e-06,0.00029154547973992025,8.956814344637477,3.8558592823346643e-19,15.0,-1.4936115330570428,13.04673017311125,-0.0051790858892674235,0.00512706427895024,46
v106,-0.0004836351755041075,-0.0005385034013605442,1.0333627228668273e-05,8.698992307549724e-06,5.486822585643665e-05,0.4499267580135218,0.6527717741293242,44.0,-0.6497307941045121,2.4214047332249393,-0.01967598065627461,0.018701664241493447,4
v107,0.0005830437219730942,-0.0001212449255751015,8.864726939693367e-06,8.93850468112259e-06,0.0007042886475481957,6.217657326912894,5.222165557538477e-10,48.0,0.6157796329914454,1.3437700285530072,-0.017360831396029064,0.018435951556826057,0
v108,-0.0005013909634055264,-0.00983631436314363,0.007691775635260447,0.007641128855868477,0.009334923399738104,2.7973721221273307,0.005160616991329904,41.0,-0.10939512411965321,0.6427601767053797,-0.5273649289720984,0.5251587979677316,0
v109,-0.010311075831154277,-0.011854471544715446,0.007520237424713406,0.007777031384320085,0.0015433957135611697,0.4671324134048671,0.6404140386574984,45.0,0.22641680173073495,0.4941307603692904,-0.5312804093725556,0.5104592316685541,0
v110,0.980167571884984,0.98,5.939471910934519e-05,4.339849056603782e-06,0.0001675718849840635,0.3536722692457014,0.7236030535835787,7469.0,-17.01466518792152,319.77409140704606,0.9353555912351771,1.0249573873824263,10
v111,101.27020172964343,101.749634765625,3.615525620068873,1.6745863375709256,-0.4794330359815717,-3.971828832578344,7.257399026099625e-05,7477.0,-0.521789205162477,5.100015033261876,90.06776150525508,112.53379534576638,5
v112,231.94752681388016,230.60215992217897,4.4374667103457766,0.9540349544421811,1.3453668917011896,10.16411878172865,5.541111114617881e-24,7430.0,-0.016371969155436907,5.467313186433119,219.38577154473612,244.33899925063443,8
v113,0.4560607032590051,0.46853905191873585,0.002804740543337904,5.8918494121732735e-05,-0.012478348659730742,-4.954901459030233,7.426504617710221e-07,5218.0,-5.677894396657057,33.16260514405515,0.14976704980564975,0.7641168016211,10
v114,0.9454167705329737,0.9455474324324323,0.00014952361546724703,0.0001306580312877153,-0.0001306618994586506,-0.2823091337172988,0.7777115678802546,0.0,-0.4538426387850451,1.3250994479454388,0.8723585218896449,1.0184918479650242,2
v115,0.00010312529067063529,0.0010172972972972974,2.2396479060682294e-06,9.624328274146949e-06,-0.0009141720066266621,-14.599316237970182,7.601154987206573e-48,0.0,8.659116514749693,85.60040503794208,-0.009814560060648564,0.010138552750579814,73
v116,748.8592418751745,729.3657783783785,2376.6648725141754,2004.1058929427795,19.493463496795925,10.574674795288011,5.1423121748562587e-26,0.0,-0.07870028964434259,0.1964311354965078,455.1758546034645,1040.0319402620826,0
v117,0.9871980652962514,0.985473918918919,9.03401097449453e-05,8.987973834253738e-05,0.001724146377332425,4.773823905935394,1.8299040285123436e-06,0.0,-1.6016181379079901,3.7564432218105415,0.9300138927348782,1.0441601739259867,6
v118,58.715945651567296,57.6419854054054,48.87993886925155,1.2426934875268991,1.0739602461618958,4.174860425355684,3.003674806344374e-05,0.0,17.885173462557393,375.65584490210483,18.005338724831624,99.28823031180576,41
v119,0.5984970896721157,0.5967104683195592,6.642176435096398e-05,5.0058179918305265e-05,0.0017866213525564723,5.759641500483347,8.64898833209666e-09,182.0,-0.8309194464762704,2.868664682477399,0.5498014590438889,0.6469633300621329,4
v120,0.97080678076458,0.9711293243243242,8.076448145881506e-05,4.54063243060381e-05,-0.0003225435597441484,-0.9579484647340771,0.33810890354070167,0.0,-2.5068599032111742,17.474138848946748,0.9176709389041788,1.0239841650902515,69
v121,6.311633178308995,6.286243783783784,0.015080402838632297,0.015587327065501231,0.025389394525210385,5.434232883151739,5.6156208625939154e-08,0.0,0.06433248179088145,4.430593910559105,5.571473049710652,7.048523243040196,6
v122,15.790816916167664,15.866958344640434,0.009531014015304285,0.00892915960758214,-0.07614142847276995,-20.520626978762152,6.336049328276178e-92,66.0,-0.05632309343786399,0.04902765240357132,15.200508818862971,16.390948424025428,0
v123,3.9363018338323355,3.3566375,0.8258773836515445,0.5069924407414966,0.5796643338323353,16.949633544721603,1.1589401999778559e-63,67.0,0.37096704985060414,0.0643739303404387,-1.5526028235374625,9.350515848747547,0
v124,15.82422153889357,15.894526829268292,0.011359567771381819,0.010920870405400929,-0.07030529037472277,-17.35288771721431,1.3369099275054648e-66,70.0,-0.36229340205646904,1.057725900655945,15.181736241948919,16.47579278353046,3
v125,15.787836598372158,15.88368238482385,0.012284728039176351,0.012711300584806937,-0.09584578645169195,-22.695251639138537,1.4309979157546685e-111,64.0,0.08669012693350321,-0.08229099596660872,15.113451229497166,16.474602152842905,0
v126,1.1970355806994577,1.0127761580381471,0.07852471351459309,0.050979141354387,0.18425942266131057,17.430184459586968,3.588814700640035e-67,63.0,0.4745103393329953,0.22887634102510956,-0.4989902069408676,2.8693920620336226,0
v127,2.744017813348311,2.8700155615696885,0.06281447007115894,0.07898376660032785,-0.12599774822137766,-13.108354250746983,5.634722222203376e-39,69.0,0.9179597509998356,1.7167216411359094,1.2246476108558881,4.279692049448787,0
v128,0.6544680018717829,0.571489701897019,0.01874307457411456,0.010746856555949006,0.08297829997476391,16.14846993010489,5.101384685252694e-58,68.0,0.3581475118416065,0.103462126268834,-0.17009882294243595,1.4683129523305127,0
v129,3.1884094516189405,3.2571733333333333,0.07249420464439743,0.030232657026339697,-0.06876388171439274,-6.826550467739113,9.138866097130121e-12,70.0,-2.760521161174306,18.18329605662353,1.6047455556073156,4.780923965450386,18
v130,-0.6257907440336921,0.44481858887381276,1.4644994813585348,0.6581870718686582,-1.0706093329075048,-23.65274234730991,8.631279645894813e-121,69.0,-0.48741719735494304,0.0798863602252573,-7.859976084713005,6.7465558780942,0
v131,0.7419615888462617,0.7948310204081633,0.006893074647409826,0.003792554431518657,-0.0528694315619016,-16.946068473493582,1.2299282626358328e-63,69.0,-0.3316970214878082,-0.07847278404622227,0.24835807477984695,1.2423693459870941,0
v132,0.9977968080127304,0.9981651226158038,5.0655440135961515e-06,4.139818743471442e-06,-0.00036831460307340524,-4.314076417782502,1.6161976617392452e-05,74.0,1.5471904931003628,6.946747940899185,0.9843855470466831,1.0112554269394778,5
v133,2.318772780788638,2.3178645380434784,0.0027710382937149547,0.003473084250942768,0.0009082427451594377,0.44912751627944675,0.6533481826100886,53.0,0.1077048395519665,-0.15130626479110276,2.0003204651766304,2.6371082111653865,0
v134,1003.7529338257293,1007.7270484353742,42.21092872045645,34.67750854201049,-3.9741146096448574,-16.134052773397325,6.403752130294527e-58,60.0,-0.1092311925977074,-0.05212483735568707,964.8133718347476,1043.2035577077247,0
v135,39.42408489013558,38.6961742506812,8.883074567931388,6.173513767344254,0.7279106394543788,6.464301327304373,1.0591229591079134e-10,62.0,0.826633971353862,2.423978399582559,21.638886730666236,57.11578643409009,2
v136,118.85156717350745,105.76144196185287,3318.934976042211,3670.063509708496,13.09012521165458,5.935342545033413,3.0172644845881985e-09,37.0,3.0237771610891957,16.128301765223135,-229.3347111332916,465.3601517653852,40
v137,138.11442893557424,140.6638928184282,2915.0627988171145,2659.124600009107,-2.5494638828539564,-1.244268454597434,0.21342625561022796,43.0,0.20002692873477942,-0.17281972034021642,-184.7598999611923,461.31746229522446,0
v138,121.6637733794134,135.61456630434782,2756.556458644263,2247.916831226264,-13.950792924934419,-7.014660894439035,2.4351267427553374e-12,49.0,0.15753724469329755,-0.17098092643217644,-191.24252258564024,436.36482263807864,0
v139,57.24234933320812,62.156014285714285,149.91430462449847,167.46391892558583,-4.913664952506167,-10.483349078859986,1.3474926764524176e-25,108.0,0.38936071141989015,1.1005038953115234,-16.532800470053367,131.65204956080274,0
v140,417.6531873850197,392.1331431693989,68286.60536929275,71897.45026784825,25.52004421562077,2.5515489036071695,0.010737482334994903,105.0,1.0242609351469967,1.482479049597499,-1154.92947361031,1986.9545077223777,0
v141,32.817377367531,-29.692334013605443,281618.810762981,86.0021758754355,62.50971138113644,3.1932872872784404,0.001410459879495155,112.0,9.337052137948744,96.30802805405084,-3052.1391444958936,3109.6985608242176,148
v142,0.0,0.0,0.0,0.0,0.0,0.0,1.0,101.0,0.0,-3.0,0.0,0.0,0
v143,6.676138672425124,6.196617663043479,14.502309970319326,4.289124835633171,0.47952100938164577,3.3816027304656573,0.0007230674232789886,104.0,7.660477318822423,104.23038980537785,-15.688760378999138,28.979049937267337,48
v144,0.00421175975301712,0.003699186991869919,1.6967956398807772e-06,8.539749147830691e-07,0.000512572761147201,10.508556375688793,1.0333786805077487e-25,64.0,0.509735065369381,1.0616470096451547,-0.0035475113559570066,0.01190482298630618,3
v145,0.12154496831904583,0.10258170731707317,0.003792855116791467,0.0038440796784922396,0.018963261001972667,8.087761015383983,6.687780773437393e-16,21.0,1.2838401911799975,2.5767177357843343,-0.25038907940271843,0.49103875682207326,0
v146,0.06427561225439984,0.05460270635994588,0.0007169750831485777,0.0002692730549963145,0.009672905894453965,9.695621251877723,3.826786812009618e-22,13.0,1.49552248178046,4.0709808736497575,-0.09438322535017361,0.2216888883576662,7
v147,0.0555559042652263,0.047512178619756436,0.0004834196843317114,0.0003118220195019271,0.008043725645469867,9.731495184458248,2.698867260801084e-22,14.0,1.4607253093430523,4.192069322546774,-0.07589965739868623,0.1859756005894155,5
v148,0.017172081974848628,0.019326351351351353,0.0007079501791473693,8.242402726474784e-05,-0.002154269376502725,-2.193629510041463,0.02828204534467843,16.0,13.842718348068198,226.91998289884552,-0.1377493029496941,0.17237131602158953,31
v149,8.455760605214152,7.759737972972974,331.40447469631266,9.717089991803732,0.6960226322411787,1.0389741077602659,0.2988386638743757,11.0,18.581828288853274,350.52826818231483,-97.34837561222986,114.17016568191627,31
v150,0.0,0.0,0.0,0.0,0.0,0.0,1.0,15.0,0.0,-3.0,0.0,0.0,0
v151,6.844998135893373,6.408040405405406,10.656669150788845,9.817970302952475,0.4369577304879675,3.530738596321936,0.0004160270018940886,22.0,0.6439089324875851,0.5171554067263888,-12.729956989627969,26.363566702767738,0
v152,14.557024669275199,8.506878349120433,1064.7360652213945,18.372386707416783,6.0501463201547665,5.037232554149604,4.79496438650586e-07,18.0,6.332767992990168,46.956256181268614,-175.52533166252283,203.8599757660703,129
v153,1.1565896365330848,0.33784966170500674,514.7925417658856,0.8150903835601836,0.818739974828078,0.9808685530824699,0.32667826041064707,22.0,19.134519586975856,364.4109512636943,-130.58380735108602,132.79147631960984,31
v154,0.011812073466343463,0.013696216216216217,9.003667752784228e-05,5.1204721793512044e-05,-0.0018841427498727543,-5.298531590396648,1.1890150261345185e-07,25.0,6.531712248255224,65.67311199532467,-0.04426816197410264,0.06813550891287815,64
v155,7.6802435746901505,7.885685636856368,26.09448288566491,9.0266391772154,-0.20544206216621763,-1.079758177789206,0.28027258918068826,22.0,12.691564349469454,210.04844555222485,-22.305259019575658,37.69218548221407,31
v156,0.5299671597079197,0.2628244897959183,1.3687342616795828,0.022366067001612637,0.2671426699120014,6.186798102616935,6.350107087309597e-10,74.0,4.137328623130498,20.02879540031348,-6.292266705298733,7.317804972794573,22
v157,0.05795818993581993,0.06140986486486487,0.006708319774546619,0.001324277345042607,-0.00345167492904494,-1.138660497525693,0.25486852677553085,0.0,9.845018489828869,133.39735290765242,-0.4203987807166599,0.5367597240636272,90
v158,0.04830820895522388,0.0448609375,0.0019664143295528764,0.0003901541641865079,0.0034472714552238742,0.6175158130180356,0.5370351413513534,10489.0,5.518087097878567,37.388402279028284,-0.21109225032003226,0.3072682982242239,8
v159,1028.8702691115702,1155.2146173333333,160819.28259232437,109812.76421974064,-126.34434822176308,-2.658671867742018,0.007965274727964988,10448.0,1.2872703009242292,6.727566416751094,-1347.819481379688,3423.730347726764,1
v160,835.2546712236916,1530.3910574525744,836094.4117265918,2049254.2188480326,-695.1363862288828,-19.106766028958965,3.870273532957218e-80,15.0,2.105451925947944,5.993349045603475,-4946.587579911649,6706.502752445633,13
v161,526.5529943839061,981.4554591339648,295480.0924519305,721964.0870858438,-454.9024647500587,-21.049661820216112,1.5199280258207497e-96,15.0,2.0505299546482862,5.13729861350191,-2918.7275125629135,4030.420626017079,7
v162,4099.744629046378,3190.346402841678,18201757.20488277,10637748.981666833,909.3982262046998,5.681326214349475,1.3690659719910066e-08,14.0,1.0808654365345922,1.720293495357045,-21246.92152503458,29329.299118203526,2
v163,4807.513880188064,4537.425893885869,43895212.64114047,31337518.247512445,270.0879863021946,1.0798408249631608,0.2802357635983335,14.0,0.9072974983526891,0.8315042151066581,-34596.27025754986,44176.65747459264,0
v164,0.132977025516856,0.24087462686567168,0.01211857017436854,0.03875505762978585,-0.10789760134881568,-24.096941518555408,3.3705504477772226e-125,16.0,2.6426286677861155,8.592960723301253,-0.5832329490089718,0.8630467877889283,23
v165,0.11424190573770492,0.30689431664411365,0.047163278408626795,0.1727466315665717,-0.19265241090640872,-21.553070833683048,4.9235438284076336e-101,16.0,3.258584122521041,11.539787012850672,-1.3117640123110776,1.5650617900888553,31
v166,0.23052280473042183,0.5404722598105548,0.13148115979000946,0.4999097938500354,-0.30994945508013294,-20.689608436079737,2.15146687228187e-93,13.0,3.2083814708951337,11.55672615088366,-2.1566220309374047,2.657579236025399,36
v167,2.749948710308222,3.2347330623306236,0.9910382559666266,4.21567972411571,-0.4847843520224018,-11.638302545932687,3.9361000107623918e-31,14.0,2.6071012772794284,17.226908771981375,-3.824829771629097,9.387072901366832,61
v168,1.2271042741409814,1.3834016238159674,0.37442352797856365,0.661173837233132,-0.15629734967498599,-6.556945610567341,5.72779106480671e-11,13.0,5.592074657839544,69.29113126168724,-2.5304378879256975,5.004772545531552,40
v169,0.12392237944516851,0.13165805142083897,0.002234581545478203,0.002506073495384886,-0.007735671975670461,-4.28632704488913,1.831340362271896e-05,10.0,1.1081152519015287,5.576801942158783,-0.1605287939989181,0.4093694002178886,8
v170,0.4019493715668932,0.39471177266576457,0.03941307632292906,0.033304987191839844,0.007237598901128628,0.9634353832090524,0.3353493733895343,11.0,0.09455232296368933,-0.12829154586098968,-0.7837269091821868,1.586693842980096,0
v171,0.6812634797989201,0.7272059620596206,0.02418947245909367,0.030570809190999915,-0.04594248226070052,-7.697569654232232,1.5004285657425547e-14,11.0,0.04921247971537762,-0.0780864325428583,-0.25921607325744733,1.6276499234316633,0
v172,0.12002032210016757,0.121035,0.0036656076337105983,0.003147039788227334,-0.0010146778998324363,-0.44298746262671845,0.6577831501294559,9.0,1.0358616252764683,2.255710456195227,-0.24150933328536298,0.48168076683352534,8
v173,0.31842221498371337,0.34053599458728007,0.005148627787349533,0.003811419759544686,-0.022113779603566697,-8.172437380674136,3.3388184911124773e-16,7.0,-0.1407114830741945,0.025426565083518593,-0.10829100247540763,0.747981493593485,0
v174,0.576301954215522,0.5689453315290934,0.009375897001299345,0.007562611966658232,0.00735662268642856,2.010333710366908,0.04441922011645754,6.0,-0.0034390964383646536,0.10438484918268953,-0.0016012376334922918,1.1532584252695393,0
v175,0.3184247929269427,0.34050932432432435,0.005147819079966889,0.003809036191694401,-0.022084531397381646,-8.167615004209715,3.474150379666639e-16,6.0,-0.14146165158122434,0.026424685594588215,-0.10824385080930615,0.7479393318715613,0
v176,0.7750483804914371,0.8178500000000001,0.013715652066631346,0.010879781177266575,-0.04280161950856298,-9.680846394093551,4.416675568396849e-22,7.0,0.21624720783726917,-0.03986079773579787,0.07700221468197854,1.478610603151529,0
v177,0.24526188925081432,0.23891162162162163,0.0056023507039881055,0.005847760189518342,0.006350267629192691,2.2292006182802435,0.025819828754801512,6.0,0.013201642111674967,-0.06513847453792465,-0.20495067285138457,0.6946561321461169,0
v178,0.39370412284783624,0.38330392422192155,0.0801167890736558,0.07299411522848205,0.01040019862591468,0.9689538508373072,0.3325886247805929,7.0,0.8769712801570642,0.695123430530145,-1.30039600354399,2.086465735344756,0
v179,0.0,0.0,0.0,0.0,0.0,0.0,1.0,176.0,0.0,-3.0,0.0,0.0,0
v180,0.0,0.0,0.0,0.0,0.0,0.0,1.0,5.0,0.0,-3.0,0.0,0.0,0
v181,19.16683235266735,16.958805540540542,10.893938573082629,7.23383670574734,2.208026812126807,17.795434260175707,6.637055648148115e-70,10.0,0.35015608914674984,0.938034315075241,-0.8312147053791143,38.88024569571097,1
v182,0.5514146155278347,0.4746231081081081,0.05114641313521666,0.034685108057985595,0.07679150741972657,9.028205140315986,2.0224898714155353e-19,9.0,1.1331229560943596,7.060968523288285,-0.80103855000544,1.8939695550568247,20
v183,10.846084524474223,9.775754668470906,17.87109263913229,9.069599267739015,1.0703298560033172,6.7656040536594615,1.3920727022211294e-11,6.0,1.0554930211484936,4.582441387007871,-14.231272156245472,35.78570088937564,3
v184,26.42224595198213,29.673970135135136,46.72872824413484,36.675813633409994,-3.251724183153005,-12.603865651142703,3.4887906428113855e-36,5.0,0.10079456138164329,0.39897716398831395,-14.377367991212704,67.6408527378608,1
v185,0.14424136647119054,0.14632472972972974,0.012453401355123829,0.004337619996543905,-0.002083363258539195,-0.5018539434940493,0.6157798881894352,8.0,9.459037231827015,140.3536312301222,-0.5109780304716609,0.7997292801450913,68
v186,7.384294545793001,6.825329905277402,54.15299421171557,5.010021129768419,0.5589646405155984,2.058268366123022,0.03958689692335341,8.0,15.314143580155417,314.6287260290637,-35.50379920927728,50.200442838990774,40
v187,0.0,0.0,0.0,0.0,0.0,0.0,1.0,8.0,0.0,-3.0,0.0,0.0,0
v188,17.865461622929462,18.24415648648649,77.6306116418328,14.639348805708883,-0.3786948635570262,-1.1616437427403956,0.24540434884850001,5.0,12.582805100454934,239.84066848393053,-33.57717980859462,69.35689884045951,40
v189,42.694970568530756,49.94836918918919,463.8502293898512,436.32318680088974,-7.25339862065843,-8.87850001631053,7.779941116968524e-19,4.0,0.37616777210078167,0.28319018074841207,-86.25012488294324,172.57460331943668,1
v190,0.0,0.0,0.0,0.0,0.0,0.0,1.0,8.0,0.0,-3.0,0.0,0.0,0
v191,0.0,0.0,0.0,0.0,0.0,0.0,1.0,22.0,0.0,-3.0,0.0,0.0,0
v192,0.0,0.0,0.0,0.0,0.0,0.0,1.0,37.0,0.0,-3.0,0.0,0.0,0
v193,0.0,0.0,0.0,0.0,0.0,0.0,1.0,32.0,0.0,-3.0,0.0,0.0,0
v194,0.0,0.0,0.0,0.0,0.0,0.0,1.0,24.0,0.0,-3.0,0.0,0.0,0
v195,0.0,0.0,0.0,0.0,0.0,0.0,1.0,28.0,0.0,-3.0,0.0,0.0,0
v196,0.27846882813957824,0.41379253731343285,0.13612088731132607,0.39840005066434137,-0.1353237091738546,-9.085646375108785,1.1995936297443245e-19,36.0,4.991506091441865,29.033865232917073,-2.067889799858569,2.642240563717146,13
v197,8.283690914184332,15.028760704607045,207.87899555833826,792.2392866566357,-6.745069790422713,-11.31122605783426,1.6557617164620577e-29,44.0,8.824903219133006,100.34975148138841,-85.81366954148025,103.25077470440503,131
v198,19.80983923436041,24.676517997293637,99.36256127661534,288.6076436371147,-4.866678762933226,-12.11448646074443,1.4201889681414276e-33,42.0,7.871509210059661,81.13745904295658,-43.65235066276118,83.90028934736246,83
v199,0.548100093405567,0.7356835597826086,0.26022430907986055,0.8057585177565624,-0.1875834663770416,-9.059068864024068,1.5286637306351309e-19,49.0,4.556606234182516,33.80940573337055,-2.7117109555384373,3.8320435372549206,92
v200,11.113164946336912,18.149050135501355,230.69317294830068,821.2019374790299,-7.035885189164443,-11.278473948509985,2.3934885025049177e-29,38.0,7.447651500865369,78.34634334636425,-87.32615869876355,110.45923499318423,103
v201,17.2730740353172,21.858838179347828,63.70912533758684,200.88623860209142,-4.585764144030627,-14.130775732034158,5.859085879591132e-45,52.0,6.370268566851205,61.85260165138291,-33.970645410287304,69.10690142917007,96
v202,7.769966810022439,9.092643945578232,24.70784217813161,32.549899282194225,-1.322677135555793,-6.9082323334619185,5.167916370822895e-12,60.0,4.463669015504619,40.31882260126721,-22.333120180602926,38.043147002403295,41
v203,10.10529062967115,11.619665211459754,207.16997785045038,140.7022482845941,-1.5143745817886032,-2.7844863372595507,0.00537007072259428,54.0,11.3525199090606,158.3408238418976,-75.29185080861625,95.69654530892227,41
v204,29.643031043494496,36.162274932249325,270.380292638801,671.0034471960194,-6.519243888754829,-9.953873882622306,3.014549724686676e-23,39.0,8.181627863299871,86.44826187105076,-73.63515496528511,133.76145491289253,81
v205,25.363950499206865,162.64595501355015,276686.3208705485,924170.2572816788,-137.28200451434327,-6.393330434371498,1.6862209035078653e-10,36.0,8.703843690436326,82.1371554882386,-3357.0399015371736,3425.4568674559864,168
v206,8.752804603174603,13.880061382113821,130.57354555025145,187.12780049811312,-5.127256778939218,-11.629005870273255,4.387988277810257e-31,43.0,9.114753910393418,116.60006612117948,-60.83376482540217,79.00043544035674,76
v207,0.0015390813182709364,-0.001454742547425474,0.002497205929090585,2.675554967218601e-07,0.0029938238656964104,1.6274512389799174,0.10366881885457929,42.0,17.26795238142473,296.21938912783213,-0.2886954334097181,0.29138763360187464,38
v208,20.005947072555795,25.08044316644114,283.9960881789541,508.1425974176599,-5.074496093885344,-7.723074586496883,1.2301636422555927e-14,43.0,9.1168765557916,107.52500780784283,-83.5856030012948,124.252642606466,113
v209,73.4103041060097,69.02121668928088,794.0352676226541,687.044273150903,4.389087416728827,4.108029844998439,4.018248815216704e-05,38.0,0.08633947877668512,0.10116373965567904,-95.32685176988797,241.582584852923,0
v210,0.03577512140455733,-0.03363541383989145,1.3306059156264443,0.00014212767078638426,0.06941053524444879,1.633484990908367,0.1023945457685814,46.0,17.264968207041257,296.1157138976595,-6.664042871823441,6.726653741198715,38
v211,0.0863860961556626,0.12472662068965519,0.0014586305529335076,0.0047663819837302345,-0.03834052453399259,-24.43638866351831,1.46145880522523e-128,179.0,2.081844545262622,8.264947387506195,-0.16275694675030306,0.34044372185638505,12
v212,0.056204867465333465,0.06841790633608816,0.0005850206159281876,0.0013167009478863873,-0.012213038870754693,-12.664767295804545,1.6384847086175544e-36,164.0,1.6503105793870814,5.901536774222629,-0.09489100579736395,0.20886632141491493,9
v213,0.05091332135766285,0.05083813443072702,0.000959780133606345,0.0007164952195917936,7.518692693583157e-05,0.06390297508767886,0.9490486132641887,185.0,2.195306525555466,12.6910234954939,-0.1334418494502358,0.23525879620417173,33
v214,0.0589108131079422,0.07963994528043776,0.0026960531669719626,0.0035241407309559054,-0.020729132172495557,-10.33760777376242,6.148419231026454e-25,171.0,6.287483525421041,71.99997816655278,-0.2558304254156183,0.37632925933787975,67
v215,0.08424576127020131,0.06936749311294765,0.0034222664066534,0.0008215047349482284,0.014878268157253655,6.796777071963642,1.1236789370755013e-11,184.0,2.9961074630355924,13.628945000317504,-0.25973385499571694,0.4263147694734741,23
v216,0.08171254016254016,0.0783043956043956,0.000947306542474287,0.0008519205033480962,0.00340814455814456,2.8993542999373756,0.0037465158643415026,181.0,0.47244440540494553,2.0807063477259335,-0.10263846447831884,0.2656247951591323,3
v217,0.08359278019278019,0.08706616438356164,0.0006518521659962885,0.0007421583460360411,-0.003473384190781456,-3.5393494165245833,0.0004027248140613915,179.0,0.34838486527888196,1.487597343909914,-0.07013226719651808,0.2377661250465888,1
v218,0.07117918004912148,0.07520372413793104,0.0022364964488694214,0.0013271083424652313,-0.004024544088809562,-2.2461798339154826,0.02471171296981602,180.0,2.7463391393766545,16.035491250086988,-0.20864506460555393,0.3515193462782619,23
v219,3.7851445881805486,3.6301894594594595,1.3607547808514338,1.3815983335288007,0.15495512872108907,3.493458884603184,0.00047860192979844353,6.0,0.3069755236896254,0.0700246830867779,-3.2307872027330475,10.781108282402181,0
v220,0.0032620149953139646,0.0034134328358208952,2.8411242550942686e-06,2.114995944192083e-06,-0.0001514178405069306,-2.3783375338397006,0.017407269893307716,84.0,1.5056587823118495,3.8330952870235375,-0.006759882061197461,0.01330347809871828,4
v221,0.009301462174189448,0.009034,3.956314654579748e-06,2.151761616161617e-06,0.00026746217418944715,1.3218498244988772,0.1863990904630224,9818.0,2.5100304649107725,18.492551482125055,-0.002489091247535904,0.021060041636059516,4
v222,0.06030159054971631,0.06590270270270271,0.0005194302123536373,0.0008252306286801009,-0.0056011121529864,-6.3474745785389395,2.2712222323180722e-10,0.0,0.4440039181258592,0.7057591148579072,-0.07888686013526715,0.2002114445926686,1
v223,0.007816128732210955,0.015927702702702703,0.002730763546351427,0.005908569475094173,-0.008111573970491748,-3.9395812006667907,8.210678201505864e-05,0.0,8.016354021970013,75.54602721528852,-0.3169299565205104,0.333606955911338,117
v224,123.03762902055622,119.61373567567568,3087.717251143896,1270.7841016106877,3.4238933448805398,1.652880316425628,0.09838254696327771,0.0,8.970044722064701,159.02086029415446,-204.24041382527795,449.874686560462,31
v225,0.05841890537675853,0.06786518105849582,0.004359806016263379,0.009955622189018775,-0.009446275681737289,-3.5625276576685616,0.00036884164216847173,395.0,3.5680227924207437,21.885381291173495,-0.35346433922966763,0.47152464925129706,44
v226,1036.1950339807693,1114.133005602241,189250.97471464286,193629.1238036419,-77.93797162147166,-4.627415769216309,3.7444521175694494e-06,377.0,0.5334521004922685,0.38599251245498234,-1573.3115937336083,3655.7156461719746,0
v227,0.0,0.0,0.0,0.0,0.0,0.0,1.0,44.0,0.0,-3.0,0.0,0.0,0
v228,0.018998640216075256,0.022665223274695535,0.00011613683868732812,0.00012539273203002665,-0.00366658305862028,-8.923488557006566,5.202214432838364e-19,15.0,2.068732785509468,8.395155975029764,-0.04581256620492327,0.08428206777341404,12
v229,0.017867610619469027,0.018792972972972975,0.00012096467935647376,7.602330644040522e-05,-0.0009253623535039474,-2.240695004356849,0.025064894529453326,16.0,3.5307456172244303,21.33196595757103,-0.047280124213824826,0.08313469501992504,47
v230,0.0,0.0,0.0,0.0,0.0,0.0,1.0,47.0,0.0,-3.0,0.0,0.0,0
v231,0.0,0.0,0.0,0.0,0.0,0.0,1.0,45.0,0.0,-3.0,0.0,0.0,0
v232,0.0,0.0,0.0,0.0,0.0,0.0,1.0,48.0,0.0,-3.0,0.0,0.0,0
v233,0.0,0.0,0.0,0.0,0.0,0.0,1.0,44.0,0.0,-3.0,0.0,0.0,0
v234,0.0,0.0,0.0,0.0,0.0,0.0,1.0,45.0,0.0,-3.0,0.0,0.0,0
v235,0.0,0.0,0.0,0.0,0.0,0.0,1.0,45.0,0.0,-3.0,0.0,0.0,0
v236,0.0,0.0,0.0,0.0,0.0,0.0,1.0,40.0,0.0,-3.0,0.0,0.0,0
v237,0.0,0.0,0.0,0.0,0.0,0.0,1.0,51.0,0.0,-3.0,0.0,0.0,0
v238,0.0,0.0,0.0,0.0,0.0,0.0,1.0,50.0,0.0,-3.0,0.0,0.0,0
v239,0.0047687243947858475,0.005118267929634641,2.7826338135961045e-06,3.5899503834009926e-06,-0.00034954353484879363,-5.459235484222161,4.881392452440188e-08,12.0,1.086180695393394,3.5242303937412682,-0.005323105857665944,0.014905560775341699,5
v240,0.00459357482074681,0.004221680216802168,2.0107074560096414e-06,2.2774669152390303e-06,0.0003718946039446428,6.86276126869212,7.102089663627766e-12,14.0,1.0420677352587182,4.080748525245123,-0.0039916179334423185,0.013130940055948198,16
v241,0.0,0.0,0.0,0.0,0.0,0.0,1.0,42.0,0.0,-3.0,0.0,0.0,0
v242,0.0,0.0,0.0,0.0,0.0,0.0,1.0,47.0,0.0,-3.0,0.0,0.0,0
v243,0.0,0.0,0.0,0.0,0.0,0.0,1.0,44.0,0.0,-3.0,0.0,0.0,0
v244,0.0,0.0,0.0,0.0,0.0,0.0,1.0,48.0,0.0,-3.0,0.0,0.0,0
v245,0.004356446915541435,0.0008312056737588652,0.004956079281122248,2.8479907119961636e-06,0.00352524124178257,0.840785988967814,0.40051738783332813,7432.0,21.132390308547684,445.0529433354097,-0.40338833037253835,0.4116113902395006,9
v246,1.8117925278219396,1.1955881918819187,21.62338354567964,0.9008912931933851,0.6162043359400209,2.1779668979256246,0.029466107119166196,7446.0,14.93342078933215,234.2883188437124,-25.234975583284875,28.775993828031478,15
v247,4.179193697916667,3.7486192000000003,99.1749933631486,0.5712364712764658,0.430574497916667,0.6834180658249769,0.4943814389394964,7401.0,17.19679735859304,298.9701847165322,-53.75781750279127,62.06356742944163,13
v248,0.049554068060114004,0.09701241217798595,0.004127540852919348,0.004961605784543326,-0.04745834411787195,-14.629840269459146,1.1169004408008278e-47,5275.0,1.934933253439857,4.35757262512398,-0.34191836789623925,0.4475466819245533,4
v249,0.025220239977676497,0.028433513513513513,0.0025985912758865917,0.0010466737332406834,-0.0032132735358370162,-1.6913990744581853,0.09078772968700134,0.0,8.202709211971555,76.8216196304853,-0.27452320099815575,0.3253775391758601,140
v250,0.000595516696121291,0.009069729729729728,0.00020338604315393052,0.0008228103138646088,-0.008474213033608437,-14.297271743807128,5.6384440123747875e-46,0.0,9.609226299417688,103.91944693955767,-0.09325820506930514,0.09554068701169484,72
v251,109.7264747930425,112.66352648648648,3096.0199470801476,1704.4535567541286,-2.9370516934439763,-1.4094236857955684,0.15873699086825774,0.0,2.970098247849244,21.374567931423027,-219.0884735743635,438.91970499025416,63
v252,0.00426461724490745,0.0014954054054054052,0.0013970897191069734,4.477299645247413e-05,0.002769211839502045,2.0130957340238393,0.044127839394631115,0.0,10.68322043859796,132.63169891418812,-0.2131148359078053,0.22128740574506925,98
v253,5.168123858245744,0.9469572972972973,4837.310275999579,1.511471036739641,4.221166560948447,1.6509127190888493,0.09878373002076965,0.0,18.50131750148898,393.4197748548743,-398.7989364619332,408.59151291306887,41
v254,0.03326611531190927,0.0361804945054945,0.0005198286135116099,0.0006671238005804375,-0.002914379193585233,-3.306059995433555,0.0009491260907605526,183.0,6.477473119462238,59.970087742558,-0.1046459864423612,0.17155346787143796,109
v255,0.01401777509068924,0.012449054054054056,8.460354541210878e-05,6.485259720952347e-05,0.0015687210366351848,4.521663980879112,6.196947411031019e-06,0.0,0.2963017908824794,0.4015067508171444,-0.04090176053211276,0.0687352650138811,1
v256,0.4054403590363687,0.39028121621621625,0.01457076198122922,0.010373453760359141,0.01515914282015246,3.3354631285822465,0.0008542723968942267,0.0,0.15370825100168609,-0.055448615280830005,-0.31336717966921884,1.1222954539708463,0
v257,0.0,0.0,0.0,0.0,0.0,0.0,1.0,66.0,0.0,-3.0,0.0,0.0,0
v258,0.0,0.0,0.0,0.0,0.0,0.0,1.0,62.0,0.0,-3.0,0.0,0.0,0
v259,0.0,0.0,0.0,0.0,0.0,0.0,1.0,66.0,0.0,-3.0,0.0,0.0,0
v260,0.0,0.0,0.0,0.0,0.0,0.0,1.0,68.0,0.0,-3.0,0.0,0.0,0
v261,0.0,0.0,0.0,0.0,0.0,0.0,1.0,68.0,0.0,-3.0,0.0,0.0,0
v262,0.0,0.0,0.0,0.0,0.0,0.0,1.0,68.0,0.0,-3.0,0.0,0.0,0
v263,0.0,0.0,0.0,0.0,0.0,0.0,1.0,62.0,0.0,-3.0,0.0,0.0,0
v264,0.0,0.0,0.0,0.0,0.0,0.0,1.0,73.0,0.0,-3.0,0.0,0.0,0
v265,0.0,0.0,0.0,0.0,0.0,0.0,1.0,68.0,0.0,-3.0,0.0,0.0,0
v266,0.0,0.0,0.0,0.0,0.0,0.0,1.0,65.0,0.0,-3.0,0.0,0.0,0
v267,0.0,0.0,0.0,0.0,0.0,0.0,1.0,76.0,0.0,-3.0,0.0,0.0,0
v268,0.07098388031790556,0.06609646739130434,0.0008549749991553025,0.000934476450088731,0.00488741292660122,4.373154719662712,1.2354780473563391e-05,60.0,0.0845706782679243,-0.18224009165061084,-0.10543377462748894,0.2467721702184259,0
v269,19.479610155082216,20.122481546811397,52.92066548207476,58.863245386697066,-0.6428713917291802,-2.312187230851212,0.020785035020229485,50.0,0.3005518931752331,-0.08566495181577105,-24.2926478787428,63.33469245526584,0
v270,3.7724771028037387,3.9721265306122446,1.3252070422516298,1.4257899775376741,-0.19964942780850592,-4.5372022212890455,5.758639122080938e-06,56.0,0.45328026666987975,0.5882393583930514,-3.144483905590122,10.715103582022127,0
v271,29.386275130694546,27.577357645466847,69.68423753293948,97.42906662805461,1.808917485227699,5.625803624489842,1.8897938998636024e-08,40.0,2.5377341460371556,15.030470195579529,-21.523214257757658,80.0622844699662,34
v272,45.84862990662932,49.289365135135135,318.91617891826974,311.81542820243635,-3.4407352285058153,-5.072629660324253,3.985018488492568e-07,41.0,0.2106558067261663,-0.12533313305240634,-61.116899980515285,153.25890111588646,0
v273,40.92942879566477,45.85158210382513,316.9578271977692,257.59505767441254,-4.922153308160361,-7.2804900618286466,3.544297373058441e-13,56.0,0.14610881655871244,-0.15001461074701483,-65.17503223318062,147.66406319076697,0
v274,20.11983998684952,20.90164483695652,14.666354123579861,14.328102104708002,-0.781804850107001,-5.360234914767747,8.473761774984344e-08,109.0,0.48649325561011386,1.5678500753610898,-2.81844879094513,43.15923724640112,2
v275,136.40411219397805,127.61020887978142,7225.0208171864,7346.32585839367,8.793903314196626,2.7062241181061593,0.006815445267700676,98.0,1.091261151836534,1.7950175415904566,-374.57791179770095,646.2561199957173,1
v276,10.920493986657897,-9.851667435549524,31274.278960954463,9.532521791166376,20.77216142220742,3.1885955816501066,0.001433529294179843,111.0,9.338208226468641,96.34406340893206,-1017.0289070115565,1036.1793707373913,148
v277,0.0,0.0,0.0,0.0,0.0,0.0,1.0,109.0,0.0,-3.0,0.0,0.0,0
v278,2.2144717289281024,2.1346845528455285,1.6114487946873888,0.4627222859211702,0.07978717608257391,1.690689388351673,0.0909235028875139,99.0,7.159783847696847,86.37263396736114,-5.2301411083960545,9.648746972160101,77
v279,0.0011263074188418,0.0010141112618724558,1.2003577412253798e-07,6.13495147778892e-08,0.00011219615696934416,8.640275348377406,6.3523552049724844e-18,65.0,0.22085482993451647,0.22037467475483918,-0.0009332832457777385,0.003171424327521131,0
v280,0.04156260594206949,0.035342333785617366,0.0004128789713380906,0.00044879961845908803,0.006220272156452121,8.016912429730505,1.1894019325361338e-15,17.0,1.1548652225543483,2.058022094281462,-0.08142989281380926,0.1637560214524706,0
v281,0.018225959388971688,0.015522868741542625,4.2481018641666846e-05,1.5613907206325105e-05,0.0027030906474290635,11.133944240790676,1.2021871290617278e-28,16.0,1.421086060701832,4.054194453832236,-0.020455565504315498,0.0565593214956009,6
v282,0.015249729931085863,0.013009336941813263,3.1023310442097435e-05,2.014802923455486e-05,0.0022403929892726004,10.697974152728637,1.38805750648699e-26,14.0,1.4350395133979847,3.862532424425381,-0.018097711248067853,0.04830865487445105,5
v283,0.005684199255121042,0.006515426251691476,7.026815239906827e-05,9.24759368662699e-06,-0.0008312269965704338,-2.683427784467655,0.007297620851428691,12.0,13.728909319370484,224.79407067095244,-0.043146721319780534,0.054622146008342254,31
v284,2.803752878703186,2.527881436314363,32.46522702147266,0.8040799583387753,0.2758714423888229,1.3141322906948931,0.18882796899770807,19.0,18.6250076665346,351.54115489286124,-30.313543135602565,35.88555497312,31
v285,0.0,0.0,0.0,0.0,0.0,0.0,1.0,24.0,0.0,-3.0,0.0,0.0,0
v286,2.1279734296365334,2.009355345060893,0.9393686514861393,0.8445865806319607,0.11861808457564038,3.228545275394069,0.0012477163426883205,22.0,0.6226115283137318,0.4974608481558449,-3.678400390909288,7.919061041358325,0
v287,4.415645681542905,2.6026533242876524,104.00010167049874,1.4586448201010267,1.8129923572552529,4.823768262544355,1.4268361437664763e-06,21.0,6.577746633313422,49.94334586098039,-54.978991985097935,63.57729723357221,93
v288,0.35535549860205035,0.09165189189189189,51.46717398300313,0.07360075911684892,0.26370360671015847,0.9998336567676265,0.31741211062093777,21.0,19.1364097459188,364.4698575739002,-41.29809613323454,41.97478085860507,31
v289,0.0038816530003727167,0.004560893098782138,8.85859635409313e-06,5.4117070603723624e-06,-0.000679240098409421,-6.077274374375771,1.2612412287981702e-09,20.0,6.254198994886367,62.46994937871975,-0.013735244860627778,0.02158606867720872,65
v290,2.578436311964219,2.5790929634641406,2.491444644241844,0.7675678967525882,-0.0006566514999217787,-0.01119080024763642,0.9910714142830431,20.0,12.85839840117277,214.17537502975216,-6.6784737366472235,11.8354309679261,31
v291,0.128190468164794,0.09156739130434781,0.08308935359393754,0.0018207771120970126,0.036623076860446205,3.44410252271499,0.0005750168598401353,75.0,5.597616221302932,39.44317826284163,-1.5491292962582854,1.8007879858167997,118
v292,0.019902167240256716,0.02065162162162162,0.0006989753860003071,0.00014298780521522877,-0.000749454381364905,-0.765737803214066,0.4438480593619909,0.0,9.661073429821842,127.5083096948031,-0.13456431303388933,0.17446517457770622,88
v293,0.0146988683127572,0.012893749999999999,0.00013697640448521526,3.23640873015873e-05,0.0018051183127572017,1.2239765642881646,0.22123988626662114,10455.0,4.897941254963739,29.89905847639585,-0.05399802397574158,0.083172734400452,7
v294,329.3353628898129,381.77812812499997,16224.537805016467,13245.586749027767,-52.44276523518704,-3.20752576204959,0.0013803325179841753,10465.0,1.8505395812124519,8.686285044965675,-430.75331966511175,1095.966612647568,2
v295,378.09850902997584,730.3874173441734,195961.38341381284,507379.93626441836,-352.28890831419756,-19.921160335810914,7.7579089518167035e-87,11.0,2.2251037068275794,6.460467522115639,-2435.197274147611,3236.688580419388,12
v296,238.6405051322653,470.56517804878047,71312.34437017517,184338.4258781868,-231.92467291651516,-21.742068212059813,9.587631761756883e-103,17.0,2.162112779218135,5.53727342805311,-1462.5272896790473,1969.6427793949267,7
v297,1891.4175251862198,1530.161793902439,3956839.9878078015,2392476.197571396,361.25573128378073,4.834174547639942,1.35432680518102e-06,13.0,1.064524932074921,1.4630432812546532,-9925.880049250449,13662.25984092147,1
v298,2342.4178978208233,2253.3248273342356,10631144.668592243,7876669.1715254225,89.09307048658775,0.7245569552822827,0.46873864683184996,14.0,0.9044588101990999,0.8464620368997262,-17062.499412215082,21735.861864807222,1
v299,0.059976529756915344,0.117985250338295,0.0033376770515553974,0.011126298576190633,-0.05800872058137966,-24.61916099399963,1.8447029798295752e-130,15.0,2.879053879290995,9.814216381972823,-0.31770379106955426,0.4451278238335835,25
v300,0.05292348668280872,0.15710040595399186,0.013798805796466293,0.04996311754726045,-0.10417691927118314,-21.57227041334738,3.3019822080300664e-101,14.0,3.3243706609327117,11.9640325846196,-0.7175280364219718,0.8367908402905786,32
v301,0.1065832883344195,0.275382949932341,0.03821128291156946,0.14388225881459235,-0.16879966159792154,-20.92242036274378,1.9978787189793606e-95,11.0,3.3144695846565697,12.179823056218703,-1.1794107739592796,1.4143095718686873,36
v302,0.9000467958271237,1.0257042005420054,0.09438889040799035,0.28691536686157165,-0.12565740471488174,-10.106040109651953,6.539864581712562e-24,17.0,2.102946797149309,12.80969011880457,-1.0609178456497146,2.8771758376315866,38
v303,0.4004079437511641,0.45396657645466854,0.03633027931194915,0.06518599136102769,-0.053558632703504416,-7.206868041390239,6.084456593912484e-13,14.0,5.640766650913472,70.88388668482423,-0.771218515420077,1.5789316460291212,38
v304,0.04023516483516483,0.042422086720867204,0.00020736391932180698,0.0002260312211485073,-0.002186921885702374,-3.979323897556443,6.953673851356278e-05,15.0,1.0526983044327543,5.678884178237629,-0.04633044588210387,0.1270820492282175,9
v305,0.13251663718461967,0.13219404600811907,0.004229271565822636,0.0035200287178894793,0.00032259117650060287,0.1311437012678371,0.8956639294700974,11.0,0.0413164796120539,-0.18070691103749592,-0.2555752625622367,0.5205670047225155,0
v306,0.26423908227848103,0.2731441891891892,0.0032402287460999036,0.0036035833356069195,-0.008905106910708172,-4.101492827833697,4.133242519345228e-05,7.0,0.01568682521795332,-0.061866032917592406,-0.07819149994829278,0.6078173097706543,0
v307,0.048629201563372415,0.048978783783783786,0.0006439305794834261,0.0005186148537285593,-0.00034958222041137077,-0.3647717937207715,0.7152884785919331,5.0,1.2685245311398607,3.235269171666798,-0.10264092208312879,0.19994436975855973,7
v308,0.12852765521735082,0.13345175675675675,0.0007663625371099353,0.0005618682648392642,-0.004924101539405923,-4.720878945639814,2.3760444657030907e-06,8.0,-0.14532490521387084,0.03140607937081308,-0.0359745051764736,0.2936644642464031,0
v309,0.2182912594247417,0.21727249322493228,0.0011508730542971498,0.0009224495679952051,0.0010187661998094233,0.794231027006615,0.42707736763726245,10.0,-0.032767261044942375,0.1961383135697652,0.01598297930629225,0.4204685667262833,0
v310,0.12851653946388683,0.13343756756756758,0.0007658708452887711,0.0005616545542917749,-0.004921028103680752,-4.7194275222558515,2.3930238933096705e-06,7.0,-0.1452464824028665,0.03081874249469463,-0.03593401265612617,0.2936012888665059,0
v311,0.3037721172638437,0.31828324324324325,0.0019228882154069477,0.001372030327762133,-0.014511125979399575,-8.788574265664826,1.7295377790433207e-18,6.0,0.09089211047645349,-0.0179904335653176,0.04317540563248817,0.5662387867924139,0
v312,0.09765905790355613,0.09437648648648649,0.0008250423250782966,0.0009198182285045532,0.0032825714170696407,2.995890166443051,0.0027422931587039777,9.0,0.0010653456995196257,-0.08770022192675953,-0.07558990700570535,0.27048490787663376,0
v313,0.15956292573981015,0.15575148648648648,0.01378990926846112,0.01274797947004718,0.0038114392533236674,0.8560941856504833,0.3919635463278567,5.0,0.9010406042089271,0.6809273693886779,-0.5435421438366566,0.8621768817784987,0
v314,0.0,0.0,0.0,0.0,0.0,0.0,1.0,186.0,0.0,-3.0,0.0,0.0,0
v315,0.0,0.0,0.0,0.0,0.0,0.0,1.0,173.0,0.0,-3.0,0.0,0.0,0
v316,0.0,0.0,0.0,0.0,0.0,0.0,1.0,11.0,0.0,-3.0,0.0,0.0,0
v317,6.028947319932999,5.274581486486487,1.0274456969816486,0.7562774799680173,0.7543658334465118,19.750453580534252,2.0627360598168886e-85,5.0,0.3729693552922878,0.36050788735524764,-0.1508546192005218,12.11154732336211,1
v318,0.1739693009401471,0.1521487837837838,0.005295189697956624,0.004064083963336137,0.021820517156363295,7.949675949929993,2.044828176630689e-15,8.0,0.8072324552099355,3.654346842119491,-0.2619380293459659,0.6070642681337391,8
v319,3.2103554118194504,2.8526044594594597,1.5135646908626026,0.8519872581262299,0.35775095235999066,7.761216039876309,9.124502127050296e-15,6.0,1.0028237745478532,3.998863176661569,-4.108497345588423,10.483107045196608,4
v320,7.843312040569462,8.826986621621622,4.761124647688623,3.7816198636773395,-0.9836745810521599,-11.94116113279084,1.1269157450793717e-32,4.0,-0.06752037219155779,0.03489050043066344,-5.17829071866275,20.991652710479585,0
v321,0.04296830153559795,0.04358213802435724,0.0010429051622769011,0.00033460865070721074,-0.0006138364887592895,-0.5110945686262379,0.6092946660378376,7.0,9.773633446926954,147.43451171477673,-0.14647401967066678,0.23248962398971937,68
v322,2.271549245950475,2.097145737483085,4.699542042419596,0.4180785670109391,0.17440350846738983,2.1802625476117248,0.02925824688134315,10.0,15.376600241321446,316.76009055616345,-10.362124778557698,14.8827715340668,40
v323,0.0,0.0,0.0,0.0,0.0,0.0,1.0,10.0,0.0,-3.0,0.0,0.0,0
v324,5.3735961463278406,5.4720645945945945,6.63464873741207,1.2821147087853564,-0.09846844826675394,-1.0330433789555442,0.3016053584263941,8.0,12.158638715942805,229.3742758858176,-9.668170477554098,20.42805399231505,40
v325,13.217710638495907,15.003933513513516,43.312970319513546,41.58143173649373,-1.786222875017609,-7.1505322915460585,9.169152769831796e-13,7.0,0.34053783834175233,0.12879906759336857,-26.189898789013597,52.85551946125324,0
v326,0.0,0.0,0.0,0.0,0.0,0.0,1.0,10.0,0.0,-3.0,0.0,0.0,0
v327,0.0,0.0,0.0,0.0,0.0,0.0,1.0,31.0,0.0,-3.0,0.0,0.0,0
v328,0.0,0.0,0.0,0.0,0.0,0.0,1.0,27.0,0.0,-3.0,0.0,0.0,0
v329,0.0,0.0,0.0,0.0,0.0,0.0,1.0,31.0,0.0,-3.0,0.0,0.0,0
v330,0.0,0.0,0.0,0.0,0.0,0.0,1.0,28.0,0.0,-3.0,0.0,0.0,0
v331,0.0,0.0,0.0,0.0,0.0,0.0,1.0,23.0,0.0,-3.0,0.0,0.0,0
v332,0.08203065298507463,0.1018929539295393,0.0037608032360695125,0.0071838177250480775,-0.019862300944464673,-8.271870765989654,1.4643234411968445e-16,33.0,4.733853262176702,30.65932206783721,-0.29637411237469435,0.462994046045492,89
v333,2.4981119619012047,4.056007472826087,30.36767546098036,50.533385235032505,-1.5578955109248822,-7.265543782306673,3.956909498578985e-13,46.0,11.57943410312057,179.42521015880732,-31.23991277285547,36.436505608154725,75
v334,6.137880596038864,7.5159661246612455,10.864243369546838,22.000842795431637,-1.3780855286223819,-10.639968084634152,2.5775560647448388e-26,49.0,8.816955384481716,96.86864958735174,-14.29225692832002,26.745788985652652,77
v335,0.16512553688141923,0.22538111413043477,0.026687948184299457,0.08446546183331485,-0.060255577249015535,-9.0693492205816,1.391973713629039e-19,45.0,5.138469167814615,40.11574678860675,-0.8808210818117261,1.2188212565452574,101
v336,3.3344103754202465,4.9660521680216805,32.34854507807577,51.97316810344848,-1.631641792601434,-7.394872122586214,1.5142592238557154e-13,45.0,10.314765598465527,151.0464243877308,-31.42758638245949,38.30681280216943,76
v337,9.593402485052318,12.00408281461434,55.48376676923609,85.3315317692842,-2.410680329562023,-8.36516678007819,6.698282499191348e-17,48.0,9.531906950262272,122.18349497944229,-35.849007884891535,55.34718098635095,78
v338,2.283915029442004,3.0655430122116685,2.13703227925811,12.720599448840373,-0.7816279827696646,-12.225749474125697,3.6996357257689042e-34,55.0,6.464871020543068,68.20006626925553,-7.8035507006616704,12.472125744383252,71
v339,3.023619239038983,3.3158452574525747,31.131156814495196,13.531426188288195,-0.29222601841359186,-1.401921559000663,0.16096581979136376,56.0,12.73829100802951,187.3099405972969,-29.82041777254771,35.90537602353153,41
v340,9.230595266990292,10.70307956698241,34.87305330931846,41.12645041390442,-1.472484299992118,-6.51847346126432,7.401096164939324e-11,40.0,9.936615106769084,125.0137780327951,-26.37511958883679,45.02636616992141,43
v341,10.744469682539684,85.42872143826324,56629.221459161694,242287.10382457823,-74.68425175572355,-7.489444047015228,7.424992520644124e-14,44.0,9.120072518973787,91.99696750638373,-1559.3580445910914,1590.4638780845833,130
v342,2.644400858849888,4.159192151556157,13.003003224613213,22.154539760344825,-1.5147912927062688,-10.802701736950741,4.513409077106094e-27,40.0,9.079055237833558,109.32504015517002,-19.490460868168665,24.974779268308392,94
v343,0.0003437371663244351,-0.00032744565217391307,0.00012485721691065619,1.3912377994676134e-08,0.0006711828184983482,1.6294970860072624,0.10323534411523583,41.0,17.268603276403653,296.2431648764362,-0.06456014171432968,0.06516132948725543,38
v344,6.1046153192681105,7.4572460704607035,28.3759481021563,33.533208074048304,-1.352630751192593,-6.633439785245816,3.42730467534685e-11,41.0,10.354750266455413,142.09066600676783,-26.016406442832096,38.400002407897595,71
v345,23.261775305874664,21.91779145183175,79.99584391245571,69.74960869733171,1.3439838540429143,3.962192208591184,7.471547265369974e-05,47.0,0.09990602613369418,0.16061904451927722,-30.301802858286987,76.65224684640303,0
v346,8.061050442978322,7.586406266318538,353.72753560702137,87.00238598640041,0.4746441766597842,0.4895361383671277,0.6244810605960451,5803.0,6.21131494536215,45.04294053392063,-101.91399034602274,117.97217114771051,36
v347,5.656904900860456,5.86775,311.7026826787449,100.28032482657383,-0.21084509913954363,-0.22416446471040785,0.8226373615025349,5785.0,5.65631386577068,35.30807421149461,-97.96604118470123,109.30645604625047,47
v348,0.010780649981322374,-0.010050473612990525,0.12094882864020508,1.321060614395048e-05,0.020831123594312898,1.6282263686782699,0.10350441992185595,44.0,17.26649147518224,296.16828353852037,-2.008981861440557,2.02785351340177,38
v349,0.0237816170212766,0.03693369713506139,9.975214170124231e-05,0.0005334143410939398,-0.013152080113784787,-30.456392372069168,7.04518011176878e-196,183.0,2.985589320965426,21.487222744219203,-0.0459276729923478,0.09519597861668455,35
v350,0.025009435209671325,0.030195068493150685,0.00010446856025527099,0.0002323145435481143,-0.00518563328347936,-12.764811715955597,4.641400947353194e-37,173.0,1.5644372804071767,5.550832267946861,-0.038807687655080414,0.08949549468812512,9
v351,0.022952685735863305,0.022966620879120877,0.00019312859385298478,0.00014225094757546443,-1.3935143257572113e-05,-0.02639529705886802,0.9789425105772899,170.0,2.4574792539039403,16.516832117469544,-0.059716762131396275,0.10562392580951659,31
v352,0.02694349428328451,0.036595473251028805,0.0005816738602893029,0.000817551449260616,-0.009651978967744296,-10.317625568144194,7.5586844451614355e-25,179.0,6.462685815528772,76.73961434466142,-0.11970012278118178,0.1748311517769385,59
v353,0.023511890359168244,0.021332103825136613,0.00018349020741022937,6.471578051998535e-05,0.002179786534031631,4.301466957830302,1.710956641125169e-05,179.0,2.3685608162659753,9.061217214936779,-0.056247491922917406,0.10298916448303057,17
v354,0.04067261116367077,0.03857881705639615,0.00024237082230408577,0.00023458349005877206,0.002093794107274616,3.5112831505390005,0.0004476892052510971,194.0,0.18928322235651035,0.9210518668137357,-0.05282198909293678,0.13389772601424332,2
v355,0.042116009828938664,0.04143910081743869,0.00016780305746077294,0.00019312876917672512,0.000676909011499971,1.3623896416426486,0.17310207287470247,176.0,0.02831829215943773,0.8751614923642341,-0.036033245395083145,0.12017744336238317,1
v356,0.03435799509156126,0.03589863387978142,0.000514781541377867,0.00036224738527206534,-0.0015406387882201597,-1.79403266076455,0.07283462312866179,165.0,2.1453320409258354,10.298209516779993,-0.10038018857861436,0.16929532190017538,10
v357,1.3008413549227618,1.2646362652232748,0.14775021302576755,0.15680978979416263,0.03620508969948699,2.4719043537496592,0.01345393459199048,6.0,0.282496111401091,0.051251549672765684,-1.0128395677488036,3.6098630592594696,0
v358,0.0010016777579904396,0.0010500680272108845,2.65078737170226e-07,1.8536443678288755e-07,-4.839026922044492e-05,-2.488813916619249,0.012831158122664953,87.0,1.7254687607050727,4.796038563841096,-0.002055000866873589,0.00406459399209281,4
v359,0.002447273893521488,0.0024191176470588233,1.6300764701377815e-07,1.6615032679738565e-07,2.8156246462664614e-05,0.7793721044117703,0.4358694806831791,9796.0,1.3381721999362055,7.686262913467239,2.0982001558911105e-05,0.004869047496966162,5
v360,0.019652497442098408,0.022123783783783785,4.716656469243531e-05,9.741645657023735e-05,-0.0024712863416853775,-9.159558271747382,6.091019620586074e-20,0.0,0.6548573660216946,2.044300044050509,-0.02293698668324978,0.06256027447369447,4
v361,0.0025041391498465257,0.0063278378378378375,0.0003189981754239844,0.001033096382328201,-0.003823698687991312,-5.26671539949267,1.413953293372886e-07,0.0,8.53522917744818,86.47916324586436,-0.11200186220466612,0.11750261931892947,117
v362,40.009921365454375,38.46000351351351,294.3076895397844,128.89270687939225,1.5499178519408616,2.421391633417002,0.015476595123146357,0.0,8.81539885764663,156.7368006893858,-61.165916931765594,140.98613574649016,31
v363,0.018101796867493036,0.020516853932584272,0.000401707297366767,0.0009433511360799002,-0.002415057065091236,-2.9845609309834926,0.002846032664153205,372.0,3.4473199977741773,19.75666695135624,-0.1071218905854783,0.14363477843510505,52
v364,331.1985485799557,366.53710692520775,19235.06026193078,20209.067282948523,-35.33855834525207,-6.609454685035326,4.034064763671946e-11,382.0,0.4778694170669466,0.2979789074627819,-501.6142970650296,1168.6048660271324,0
v365,0.0,0.0,0.0,0.0,0.0,0.0,1.0,46.0,0.0,-3.0,0.0,0.0,0
v366,0.005144659651736661,0.006314884979702301,6.8646099116248e-06,1.0682081660194139e-05,-0.0011702253279656395,-11.539913049894231,1.224945257419501e-30,13.0,2.2962146331708198,10.47476519385228,-0.010870721962657114,0.021310728932512492,14
v367,0.0048169088876467295,0.005061891891891892,5.8301892329164376e-06,5.110724426727132e-06,-0.0002449830042451622,-2.6801983932628484,0.0073683639892259305,17.0,2.668870357703884,12.506445354464713,-0.009600952179094794,0.019266369644669136,37
v368,0.003801288996824211,0.0036826558265582654,7.261586381302552e-06,9.645886017069125e-06,0.0001186331702659458,1.1447183585548382,0.2523497884655045,47.0,2.6749472817815314,12.709459149450883,-0.01254506163214841,0.020132338807961062,17
v369,0.0031795424836601302,0.00330893098782138,4.5519626256578524e-06,3.598781917995094e-06,-0.00012938850416124989,-1.6053917673166644,0.10843519972829985,42.0,2.6480899297056375,12.534187426993775,-0.009527475915227174,0.01590326419367944,35
v370,0.0,0.0,0.0,0.0,0.0,0.0,1.0,52.0,0.0,-3.0,0.0,0.0,0
v371,0.0,0.0,0.0,0.0,0.0,0.0,1.0,43.0,0.0,-3.0,0.0,0.0,0
v372,0.0,0.0,0.0,0.0,0.0,0.0,1.0,49.0,0.0,-3.0,0.0,0.0,0
v373,0.0,0.0,0.0,0.0,0.0,0.0,1.0,44.0,0.0,-3.0,0.0,0.0,0
v374,0.0,0.0,0.0,0.0,0.0,0.0,1.0,38.0,0.0,-3.0,0.0,0.0,0
v375,0.0,0.0,0.0,0.0,0.0,0.0,1.0,43.0,0.0,-3.0,0.0,0.0,0
v376,0.0,0.0,0.0,0.0,0.0,0.0,1.0,49.0,0.0,-3.0,0.0,0.0,0
v377,0.0015942431299487657,0.0016848443843031123,2.741498253615459e-07,3.825342237184212e-07,-9.060125435434666e-05,-4.493165536883372,7.085867270917243e-06,17.0,1.1592804078433885,4.261896512014613,-0.0015838385546315071,0.004783995431047752,7
v378,0.0015767719102170066,0.001428783783783784,2.12675755812977e-07,2.1655873532531176e-07,0.00014798812643322255,8.438317268257151,3.6048178969249914e-17,14.0,0.9131260376798136,3.7998180675087054,-0.0012098587947122492,0.00434431901950967,17
v379,0.0,0.0,0.0,0.0,0.0,0.0,1.0,43.0,0.0,-3.0,0.0,0.0,0
v380,0.0,0.0,0.0,0.0,0.0,0.0,1.0,44.0,0.0,-3.0,0.0,0.0,0
v381,0.0,0.0,0.0,0.0,0.0,0.0,1.0,44.0,0.0,-3.0,0.0,0.0,0
v382,0.0,0.0,0.0,0.0,0.0,0.0,1.0,43.0,0.0,-3.0,0.0,0.0,0
v383,0.0024637345272583615,0.0004983870967741936,0.0009825165743531095,2.4453180096643595e-07,0.001965347430484168,0.9872826859959709,0.3235631559162815,7446.0,14.878040276137012,219.48083830899907,-0.17989293326214292,0.18457941039440498,18
v384,0.5231340600904015,0.36102581818181817,1.1601645120390696,0.05990619805361646,0.16210824190858336,2.490842179853169,0.012783982461897964,7455.0,19.34893105760534,409.2727565598379,-5.7429856318550785,6.767162688346654,8
v385,1.2917622705820662,1.0718249011857708,9.243596715248028,0.057943235290168774,0.21993736939629538,1.1502678491915654,0.25010123131435413,7424.0,17.8864852080893,323.25150343385985,-16.393771764197698,18.94993257068897,12
v386,0.010765675489859058,0.016714849187935036,0.00019292090345458566,0.00012730312782604006,-0.0059491736980759775,-8.682235326300527,4.891770299881425e-18,5242.0,3.6596004944856766,23.27248671354295,-0.07166902373091513,0.09402101604968613,20
v387,0.00830102316063622,0.009212972972972973,0.0002575116249995566,9.748876246205611e-05,-0.0009119498123367521,-1.5261308473877988,0.12700480780022627,0.0,8.15969840538657,76.30327954785035,-0.0859848196456269,0.10270432186475492,140
v388,0.0001796018974979072,0.0028564864864864857,2.0380954111267106e-05,8.215187938412024e-05,-0.0026768845889885784,-14.272630434053754,7.981637111497414e-46,0.0,9.587726661420712,103.60561320170628,-0.02951805072492183,0.030222027750420048,72
v389,35.06434730722724,37.76933905405406,305.3016146764,195.97143100944703,-2.7049917468268205,-4.121194318157129,3.795589987266587e-05,0.0,2.7372455740690875,18.99784473454396,-68.45634571893115,138.9334336660202,57
v390,0.00132975537159334,0.0004372972972972972,0.00013896055546573275,4.110352631386461e-06,0.0008924580742960429,2.057307521280993,0.03967917349291717,0.0,10.726640836721465,133.4258801806394,-0.06722326148890347,0.06976782680088676,98
v391,1.5980489814900942,0.24951824324324323,482.5987117280992,0.13414189424048203,1.348530738246851,1.6697901040597902,0.09498814106733551,0.0,18.501939050277482,393.4300126735216,-125.99912946256015,129.02154145455387,41
v392,0.010995912009063444,0.011511796982167352,4.681152799452294e-05,6.13730749257601e-05,-0.0005158849731039077,-1.9497785432321033,0.05122717734854448,170.0,6.2209719483953085,56.01692617714315,-0.03043598885800306,0.052494252262295975,109
v393,0.004557994605153009,0.004079324324324324,8.862365615226707e-06,6.847082086822953e-06,0.00047867028082868544,4.2620901710613115,2.0413971687935117e-05,0.0,0.2045493254458904,0.032094096746090095,-0.013216793910005707,0.022271132087709998,1
v394,0.13431091061296624,0.13220054054054053,0.0014935734372265208,0.0010359930984895585,0.0021103700724257046,1.4512043794264287,0.146750260619336,0.0,0.11106027381464424,-0.1297148615666961,-0.09542059769600822,0.3637706107497024,0
v395,0.0,0.0,0.0,0.0,0.0,0.0,1.0,63.0,0.0,-3.0,0.0,0.0,0
v396,0.0,0.0,0.0,0.0,0.0,0.0,1.0,64.0,0.0,-3.0,0.0,0.0,0
v397,0.0,0.0,0.0,0.0,0.0,0.0,1.0,64.0,0.0,-3.0,0.0,0.0,0
v398,0.0,0.0,0.0,0.0,0.0,0.0,1.0,62.0,0.0,-3.0,0.0,0.0,0
v399,0.0,0.0,0.0,0.0,0.0,0.0,1.0,63.0,0.0,-3.0,0.0,0.0,0
v400,0.0,0.0,0.0,0.0,0.0,0.0,1.0,63.0,0.0,-3.0,0.0,0.0,0
v401,0.0,0.0,0.0,0.0,0.0,0.0,1.0,67.0,0.0,-3.0,0.0,0.0,0
v402,0.0,0.0,0.0,0.0,0.0,0.0,1.0,67.0,0.0,-3.0,0.0,0.0,0
v403,0.0,0.0,0.0,0.0,0.0,0.0,1.0,59.0,0.0,-3.0,0.0,0.0,0
v404,0.0,0.0,0.0,0.0,0.0,0.0,1.0,64.0,0.0,-3.0,0.0,0.0,0
v405,0.0,0.0,0.0,0.0,0.0,0.0,1.0,65.0,0.0,-3.0,0.0,0.0,0
v406,0.024341793696811,0.02273677069199457,0.00011138857579469652,0.0001264793661878355,0.0016050230048164325,3.9758949182262886,7.054679113900388e-05,61.0,0.0961678522713023,-0.2036915923780298,-0.039403018414234076,0.08787962383855605,0
v407,6.681239452541106,7.309176125511596,7.670707063583032,9.708864590508465,-0.62793667297049,-5.8885008256986655,4.006722195882725e-09,54.0,0.4205121116556701,0.002566010860658441,-10.061524141685572,23.504492262696324,0
v408,1.2297348167539266,1.2974423337856174,0.13454199421358026,0.12258100211845907,-0.06770751703169076,-4.860923965994995,1.1839279171081142e-06,58.0,0.5575559620960009,0.9722952547147741,-0.9625616255573157,3.4307604535114833,0
v409,5.381393059966374,4.803726251691475,6.705627285871495,7.561023953103954,0.5776668082748992,5.841259157401277,5.3217894733951e-09,46.0,3.0303856382607606,16.016325485999847,-10.27938299215727,20.967569588924416,42
v410,4.576626932412248,4.700139755766622,3.164647266281393,2.9515399985939617,-0.12351282335437386,-1.8271612187031743,0.06770155618328297,42.0,0.2029403255195057,-0.1711789139822657,-6.067051258805137,15.236206765836318,0
v411,4.88893695611578,5.440780434782608,4.546077065200557,3.7342325391268854,-0.5518434786668287,-6.831392823844005,8.835837329081554e-12,45.0,0.16116334157533596,-0.16859631062039204,-7.820272546262339,17.66911567049788,0
v412,2.600400591382709,2.8209604904632153,0.30128075458564346,0.31801565183386554,-0.22055989908050622,-10.511023672824283,1.0078969695626594e-25,104.0,0.35044712983727133,1.005759445969007,-0.7004325127508246,5.929668044497554,0
v413,30.819009203490005,31.581818331053356,335.5073779530087,333.46125595119776,-0.7628091275633508,-1.0894437412452704,0.2759813040262985,101.0,0.8603230663874054,1.0635764491416326,-79.01261459843536,140.7485458188041,0
v414,26.151926568369646,21.38201630136986,2411.8201865837473,349.5290542327792,4.769910266999787,2.6111828658705627,0.009034804169343739,113.0,7.876804364095733,76.07393495434786,-260.7023031190558,312.39409183411993,148
v415,0.0,0.0,0.0,0.0,0.0,0.0,1.0,103.0,0.0,-3.0,0.0,0.0,0
v416,6.674650398798911,6.005919972640218,18.14016157417988,4.175705379216986,0.6687304261586933,4.211859292799142,2.552263939447101e-05,103.0,8.244932079592024,114.12514780266083,-18.30273239237815,31.566181075202177,54
v417,3.4358034711826346,3.036094693877551,1.1044036666811285,0.5822390073696269,0.3997087773050838,10.129362168044636,5.1697696678729806e-24,68.0,0.45198844826575874,0.9446475693751184,-2.8263693533019723,9.646538678347932,3
v418,8.298287348611888,6.891998783783784,16.52630664715941,16.936051536737356,1.4062885648281043,9.094508570014556,1.106061302616043e-19,17.0,1.2010475074049691,2.2857646205290543,-16.290188831759366,32.70537019832726,0
v419,323.5718269932936,241.5277707317073,82082.08083926025,76330.74041001017,82.04405626158629,7.542140718010159,4.97199043830182e-14,17.0,0.226581327290362,-0.23279494483724328,-1401.0021249031117,2037.5917413228433,0
v420,306.42605935549966,356.12003527027025,106041.16960263682,86961.6569343322,-49.69397591477059,-4.038689738288958,5.4100394941242125e-05,14.0,0.26050742483416134,-0.24042848324781696,-1634.1501048792052,2253.41043865981,0
v421,1.7968949860205032,2.0120209459459457,8.989651569530269,0.9223848249057344,-0.21512595992544248,-1.9448690826196926,0.05181514819330598,21.0,14.303407665694104,238.7007242202532,-15.653091791172272,19.274639951590757,31
v422,4.168467932607279,3.945795669824087,45.13191020594886,2.419468344073365,0.2226722627831923,0.8993538038812781,0.3684831007241519,9.0,18.095015681108862,338.31366544072824,-34.90830806522335,43.21658084000127,31
v423,0.0,0.0,0.0,0.0,0.0,0.0,1.0,20.0,0.0,-3.0,0.0,0.0,0
v424,76.85999901266766,88.70171258457376,1074.7504642031458,1046.2842115194755,-11.841713571906098,-9.506007044758908,2.374097832253092e-21,16.0,1.1640380238552852,3.917783083947457,-119.67392613324415,274.9191575057932,8
v425,3.415039361206816,2.1631454421768703,43.40275952595381,1.0902889133817866,1.2518939190299458,5.147096977727132,2.689251447775732e-07,17.0,6.01351041204011,41.35669847289221,-34.98348273926642,41.65317414592495,140
v426,6.485653506154421,9.32297807848444,508.2407142993563,69.43781866913939,-2.8373245723300187,-3.405230974344227,0.0006633485547016217,28.0,17.24056386594722,315.52253550286883,-124.84355871198888,138.18070064690994,31
v427,1.2228203299776286,1.411656156968877,1.0250121082815355,0.5557515265033683,-0.18883582699124846,-4.978195137436987,6.511316722283795e-07,24.0,6.418206474486969,63.21518717238352,-4.755610484872632,7.225590497081578,66
v428,4.049951178827696,4.138843437077131,8.787954586051498,2.4912474213491462,-0.08889225824943559,-0.8072935430175819,0.4195141262136829,21.0,13.693095340432583,232.60877645276835,-13.315837732596314,21.427194559100236,31
v429,4.435520775208313,1.9317878581173262,122.33127788702436,1.4918926545928106,2.5037329170909866,6.125930668357191,9.312455340302211e-10,77.0,4.44193324943453,22.8938141098822,-60.05326718422056,68.60273238485136,17
v430,4.168994465631104,4.336712027027027,44.52549848244658,6.776657761330122,-0.1677175613959232,-0.680161847210777,0.49641569215424675,0.0,10.75995569436192,155.37458756985657,-34.74880119046635,43.108391548137575,88
v431,16.122479307133545,51.16549090909091,939.8438558028632,5095.292287090962,-35.04301160195737,-26.495464532982126,3.415026244263398e-150,16.0,3.7699210509377736,18.583709780041435,-196.29984763668708,233.0461917935498,27
v432,19.88824699199106,57.68190040650406,958.0003399146063,5127.926161126174,-37.793653414513,-28.365858215424808,3.944346421145318e-171,15.0,3.6400268217306695,17.72928394924995,-194.9850915973571,239.62246327738495,24
v433,98.16047673465586,98.01272032520323,15927.659997162444,12558.962753550983,0.1477564094526258,0.030976625027906258,0.9752887200594598,16.0,1.7061723457013964,4.181000498036222,-653.883731631541,850.1856795705387,8
v434,199.9367949501537,294.44970270636,49635.78540485791,59200.461767003515,-94.51290775620626,-11.086160169215313,2.0414282626410784e-28,19.0,0.6540662842301467,0.34395420262118215,-1146.109421853342,1558.1596224286557,0
v435,12.494479947868182,46.100080732700135,808.2566643212085,4919.860450913107,-33.60560078483195,-26.955874169556157,3.119505682424699e-155,12.0,4.33039943817161,23.375257776569228,-187.90384548532742,217.20804673979208,28
v436,7.1385537580329705,40.1823150406504,819.6340591006568,5078.226266411158,-33.04376128261743,-26.26235455321272,1.1346119560740538e-147,16.0,4.382533361035761,23.749230367270076,-194.9844386229951,213.5118809236487,28
v437,5.3224249674054755,37.964109620596204,828.7720476374867,5156.455917294792,-32.64168465319073,-25.783548302928093,1.484899174286614e-142,15.0,4.40097873175985,23.82523337099121,-197.87758402219114,212.72068478900886,28
v438,3.9425105326876513,4.87728349120433,1.9257596821326957,9.758236808155274,-0.9347729585166786,-15.769496322955042,1.924468338301123e-55,14.0,2.8269631905624313,19.69313954303662,-5.44978373680503,13.455184207311259,61
v439,54.4486107272558,60.25611370420624,1086.7844441682087,1894.4155484856406,-5.807502976950445,-4.519872263993012,6.249611486772232e-06,15.0,4.61962677055703,40.88325737724462,-147.80774430520853,257.45089285871154,43
v440,71.04259383555265,66.26246414073071,1504.633719964164,726.7652481850132,4.780129694821937,3.295621725458405,0.0009850205776306105,13.0,3.1218028995616396,21.316789798558574,-158.19959268426817,299.66925224168233,63
v441,11.564368358320142,11.550828861788617,38.464472248348685,30.21860890585515,0.013539496531524975,0.05776690958707071,0.9539353022924983,14.0,0.05229254346485359,-0.1635198808123448,-25.389670837931966,48.51666630713124,0
v442,0.7988091129107325,0.8476222972972973,0.03303181343863768,0.04373657483368687,-0.04881318438656479,-6.994213008761756,2.8157208015144652e-12,8.0,0.03955842919054214,-0.08169140959863386,-0.3021361862591865,1.906045756928872,0
v443,1.351567706199963,1.2701368918918918,0.43068180052390664,0.3721894545370113,0.08143081430807109,3.279193004417542,0.0010441431922979818,9.0,0.874427424171507,1.5619392452320442,-2.5756759865779992,5.268315178356436,0
v444,0.6305347943420808,0.6747571041948579,0.020866241407202932,0.015777738414909183,-0.044222309852777086,-8.113901021631785,5.400481290086732e-16,6.0,-0.16655946032715527,0.051416959191058265,-0.2289340719001074,1.4956946117346743,0
v445,0.895205453699395,0.8845077027027027,0.02475908071485603,0.019630111862103648,0.010697750996692235,1.8009149500731731,0.07174251345154925,6.0,-0.1134732397180302,0.23394345542986805,-0.043362182915715586,1.8323945381616886,0
v446,0.6437024937191774,0.6878868741542625,0.02025232280040651,0.014621323255663003,-0.0441843804350851,-8.23811474514917,1.938867317559636e-16,5.0,-0.11997061115078195,0.013550252027723975,-0.20211563604230576,1.495206198466126,0
v447,1.1707606291883843,1.2333567567567567,0.031434263841212576,0.025073504622755368,-0.0625961275683724,-9.350712700533569,1.031285949024888e-20,7.0,0.21288522568933724,-0.05418322820717014,0.11399131076903868,2.235597020822741,0
v448,0.28255843418357846,0.2750086486486486,0.0074549080207488095,0.007817293511026587,0.007549785534929854,2.2971253795328326,0.021629527511104724,9.0,0.013117922513435229,-0.06278506370974979,-0.23688553148445501,0.8010292520906211,0
v449,0.33136556537924616,0.3234338753387534,0.05593346854795145,0.05149426400694237,0.007931690040492767,0.8835735387928678,0.3769449696956485,8.0,0.8460300182973054,0.573275242089812,-1.0845267702332915,1.7462383786979785,0
v450,0.0,0.0,0.0,0.0,0.0,0.0,1.0,174.0,0.0,-3.0,0.0,0.0,0
v451,0.0,0.0,0.0,0.0,0.0,0.0,1.0,171.0,0.0,-3.0,0.0,0.0,0
v452,0.0,0.0,0.0,0.0,0.0,0.0,1.0,6.0,0.0,-3.0,0.0,0.0,0
v453,5.388440990320179,4.788779864864865,0.837584107847702,0.5676367171988992,0.5996611254553139,17.42190617744921,4.092876280267209e-67,7.0,0.3505244631352156,1.16700143152892,-0.1552397644036354,10.854840443609488,1
v454,5.505689502093998,4.765351216216216,5.138961605863351,3.598687985587152,0.7403382858777814,8.677119682590451,4.604860129604538e-18,6.0,1.0211391516648065,5.923817284886978,-8.055258050982054,18.971234298261116,18
v455,7.932994584031269,7.1241143437077135,9.671060898034881,4.680172840254684,0.8088802403235551,6.95587144264393,3.6942691452104745e-12,6.0,1.1204238938974038,4.605149909324931,-10.503822422446978,26.26571711987841,5
v456,3.6027768872754353,4.058030175913396,0.8806475554730134,0.7001920239797793,-0.455253288637961,-12.8412628129428,1.7434215029918595e-37,9.0,0.09508868325172383,0.4319252182377791,-2.001065976141529,9.26522141944409,1
v457,12.288243863403741,12.357207702702702,67.33516071306187,28.982019625339777,-0.0689638392989611,-0.22530175515308523,0.8217485429324904,4.0,8.270617831091519,117.54942829218372,-36.02947286992391,60.61484598736101,69
v458,5.273500307205362,4.943773378378378,21.477995922549947,2.83389034523079,0.3297269288269842,1.9266082888043732,0.05405312078429322,9.0,14.021427324088481,277.22670548135403,-21.769482660346057,32.27398232939326,40
v459,0.0,0.0,0.0,0.0,0.0,0.0,1.0,10.0,0.0,-3.0,0.0,0.0,0
v460,2.8248584512285926,2.8964817320703653,1.8600695569945669,0.37691689821596613,-0.07162328084177272,-1.417726071522144,0.1562978939191648,8.0,12.37655405003803,237.26915847590237,-5.141476401176246,10.80041208000582,39
v461,28.761381659063403,35.34212567567568,175.40002418998574,176.04543054015178,-6.580744016612279,-13.0724533051595,8.947460287349653e-39,10.0,0.907666460232791,1.8775706715676135,-50.87296283244132,109.24404085700363,2
v462,0.0,0.0,0.0,0.0,0.0,0.0,1.0,10.0,0.0,-3.0,0.0,0.0,0
v463,0.0,0.0,0.0,0.0,0.0,0.0,1.0,28.0,0.0,-3.0,0.0,0.0,0
v464,0.0,0.0,0.0,0.0,0.0,0.0,1.0,31.0,0.0,-3.0,0.0,0.0,0
v465,0.0,0.0,0.0,0.0,0.0,0.0,1.0,28.0,0.0,-3.0,0.0,0.0,0
v466,0.0,0.0,0.0,0.0,0.0,0.0,1.0,27.0,0.0,-3.0,0.0,0.0,0
v467,0.0,0.0,0.0,0.0,0.0,0.0,1.0,31.0,0.0,-3.0,0.0,0.0,0
v468,6.070840055944056,8.937977340569878,65.94772314987804,189.82188165822228,-2.867137284625822,-8.758276352837179,2.260323945060188e-18,29.0,5.000627949900158,29.08037977515781,-45.495116296501145,58.00550696130659,13
v469,232.765288190227,123.08782217687074,52104.14086097704,51017.27248703693,109.67746601335627,12.609375945695334,3.2638509085018884e-36,53.0,0.6132900103782645,0.22946593214833833,-1152.3665564774615,1603.8014976909603,0
v470,5.584403893557423,6.955647967479675,9.081216609293831,22.713966340165474,-1.3712440739222522,-11.417330409306308,4.979731772658773e-30,43.0,8.376335620860598,90.42758155788589,-13.36863158571494,24.71423499242354,77
v471,5.28418144137416,6.889969470827679,23.030917401055977,57.993589733265075,-1.6057880294535192,-8.386765035056024,5.5817119991962e-17,42.0,4.132997165197754,29.48927230187512,-24.870538053848342,35.645637905363756,87
v472,9.317534898702268,14.632673712737127,84.06943619102846,352.1852496093488,-5.315138814034858,-13.873988129505623,2.0441937157569662e-43,42.0,5.291444015455186,42.09504112935459,-51.24108406609136,70.56137920103765,71
v473,137.63430408144202,139.19121422764226,2219.391988668553,2572.0906992131354,-1.556910146200238,-0.8639517160862495,0.3876325240136834,46.0,0.24507030443641667,0.5084927945565489,-146.36757001720332,421.8369644951413,0
v474,39.40516417492058,42.17457292517007,499.95785972870624,559.031807627454,-2.7694087502494895,-3.2359344837367656,0.0012159020108044685,54.0,1.6695499538479317,6.818245422380958,-95.1388339413829,174.30511497661942,27
v475,37.519320304331586,40.93693714285715,603.1593640243575,697.8188520231281,-3.4176168385255608,-3.6313306016191613,0.00028319512390307864,44.0,2.761917332557484,15.396005611753257,-110.43558287030896,185.91310674556013,48
v476,4.196589491367242,5.152863685636857,5.9800324254337065,13.909053488258852,-0.9562741942696142,-9.863087662972,7.42048814838736e-23,38.0,8.870421740698859,101.6978423828395,-11.091615653847533,19.60803402458009,61
v477,19.830750345600595,24.405940243902446,219.3366561935286,312.04291283684495,-4.575189898301851,-8.008914567341614,1.2691968907702917e-15,47.0,2.6746747368578467,18.477336568371843,-70.18392993146638,110.435519777674,32
v478,5.981824796861867,10.608542837837838,94.92822963671084,243.66307280889313,-4.626718040975971,-11.90562892439349,1.7201246552539754e-32,44.0,10.109928869557308,136.08129916904593,-55.43961460437956,68.00145959433326,80
v479,0.15425803679835623,-0.1463640054127199,24.986227394397158,0.002528005938406475,0.30062204221107613,1.6348334571686698,0.10211146862066998,45.0,17.2657570806876,296.1425193195491,-28.87594014315979,29.14563746973676,38
v480,3.2251842650489966,4.09074945945946,6.443112093129279,13.490085966562631,-0.865565194410463,-8.670784858765519,4.868266554675983e-18,36.0,8.395884427577199,88.52373864395703,-12.528061974399629,19.090262585486492,136
v481,75.38490422929698,73.90009850746269,1284.7913793311914,1134.9762013664788,1.4848057218342916,1.0918716261319117,0.27491251264126554,43.0,0.41017366457037685,0.2786410403421935,-138.9686080601243,289.5472387030313,0
v482,0.0,0.0,0.0,0.0,0.0,0.0,1.0,44.0,0.0,-3.0,0.0,0.0,0
v483,318.7712607163107,322.41786243093924,79478.85885693468,78737.45554808193,-3.6466017146285594,-0.3368145062938979,0.7362629896515995,185.0,0.23306591184441433,-0.20027184499045214,-1371.9439365769513,2009.9534913797106,0
v484,209.5287988183021,171.60273136176068,38381.93481393028,23255.859402910122,37.92606745654143,5.114173773658112,3.202783052619889e-07,186.0,0.8669086819307918,0.7776124628893655,-954.7063846679894,1368.8860962292456,0
v485,218.8019583144369,138.81002965517243,45153.578324804155,31050.407634600677,79.99192865926446,9.905324675379651,4.8980808836083035e-23,182.0,0.7729850002757368,0.611030071951113,-1053.883080962338,1481.2307152889805,0
v486,207.47822834042552,135.35661428571427,48707.768973372586,38690.7059040376,72.12161405471124,8.585534999368377,1.0223906957223764e-17,188.0,0.7537514228808859,0.44242396108931104,-1116.7930094482151,1522.4590945406683,0
v487,300.02949347826086,356.1419773662551,83510.8811678384,68019.36335635709,-56.112483887994244,-5.10142594551521,3.425698899723845e-07,182.0,0.32481848240504396,-0.17319258669201565,-1421.7687804896775,2029.0620057969547,0
v488,242.9637388238626,223.1309938101788,70698.36077813299,64792.14698757549,19.83274501368379,1.9507410490338841,0.05111250010659763,170.0,0.5554967560897793,-0.0178887426158596,-1349.57686684079,1832.9571480173645,0
v489,359.25347367126915,276.74456095238094,62756.315511456996,64576.91921016445,82.50891271888821,8.626106367461972,7.193815526392018e-18,182.0,0.20558137303045745,-0.08942859638762446,-1155.4718297008108,1863.2538586865744,0
v490,270.4698675174891,312.08912254098357,51603.338953640065,54446.53732225602,-41.619255023494475,-4.785302253958257,1.728902548312433e-06,181.0,0.472642792702785,0.06882244557923789,-1093.5650710586126,1639.8921261072421,0
v491,51.44841730715548,50.56886102841678,321.5175958991924,357.8917963827339,0.8795562787387041,1.2851969469258246,0.19874938860016686,5.0,0.4118536115627321,0.26487048236866473,-56.58708732257943,159.37074205007374,0
v492,2.4491415074906366,2.5690922131147538,1.5736375451343507,1.1909407874495412,-0.11995070562411714,-2.522438796222892,0.011667909660150706,79.0,1.5791690873673248,4.43713904701428,-5.012736731593442,9.926407744562248,5
v493,8.23787664556962,7.97083786407767,3.9800857433110965,1.2884915662973537,0.2670387814919506,1.3441004909504228,0.17909726113574057,9808.0,2.969820682911093,22.11028409879346,-3.503201700561947,19.94626931791192,8
v494,2.513934322388615,2.7303750000000004,0.9108123402227942,1.3939114883186736,-0.21644067761138563,-5.868147104605063,4.528570142618848e-09,0.0,0.4198129099366745,0.5860540670529479,-3.3036435050338198,8.359388940592082,1
v495,0.8237638731280812,1.9406360810810808,36.35870602840636,99.51118698352724,-1.1168722079529996,-4.622344144915022,3.835611453855253e-06,0.0,8.33513076778404,81.42169164519488,-37.28452832044477,39.07590524151343,117
v496,6.82144376337085,6.56619445945946,10.814270294199005,3.905005929536243,0.25524930391138945,2.085641743950795,0.03703309812122268,0.0,10.031184507661596,184.76633868583264,-12.519160950829836,26.129173273517154,31
v497,29.915711294208343,28.80580706371191,616.7605674431358,470.3836189476754,1.1099042304964328,1.1702113192728179,0.24194106950390346,392.0,1.5506165079712295,3.470235411848054,-118.01361880867196,177.7006408466934,5
v498,11.75880554541086,12.961114705882352,24.857490345564212,25.32318780465019,-1.2023091604714917,-6.2296556133572505,4.843616932321485e-10,372.0,0.5283282550082876,0.390092461478333,-18.147179329404196,41.819201561619316,0
v499,0.0,0.0,0.0,0.0,0.0,0.0,1.0,46.0,0.0,-3.0,0.0,0.0,0
v500,271.6088165099171,194.0798262516915,105671.72693723248,97116.85771302354,77.52899025822563,6.287662457770367,3.3398582644722663e-10,13.0,0.3656289467525457,-0.27166575728488596,-1681.993375471321,2215.227749421487,0
v501,235.85561514812744,287.7591090663058,102176.42688052429,125380.46401013638,-51.903493918178384,-4.238732982459387,2.2654399447277467e-05,18.0,0.4875672509191884,-0.13322258676728005,-1694.0921393234494,2172.4897954901016,0
v502,0.0,0.0,0.0,0.0,0.0,0.0,1.0,45.0,0.0,-3.0,0.0,0.0,0
v503,0.0,0.0,0.0,0.0,0.0,0.0,1.0,44.0,0.0,-3.0,0.0,0.0,0
v504,0.0,0.0,0.0,0.0,0.0,0.0,1.0,49.0,0.0,-3.0,0.0,0.0,0
v505,0.0,0.0,0.0,0.0,0.0,0.0,1.0,46.0,0.0,-3.0,0.0,0.0,0
v506,0.0,0.0,0.0,0.0,0.0,0.0,1.0,48.0,0.0,-3.0,0.0,0.0,0
v507,0.0,0.0,0.0,0.0,0.0,0.0,1.0,46.0,0.0,-3.0,0.0,0.0,0
v508,0.0,0.0,0.0,0.0,0.0,0.0,1.0,48.0,0.0,-3.0,0.0,0.0,0
v509,0.0,0.0,0.0,0.0,0.0,0.0,1.0,45.0,0.0,-3.0,0.0,0.0,0
v510,0.0,0.0,0.0,0.0,0.0,0.0,1.0,37.0,0.0,-3.0,0.0,0.0,0
v511,52.918599664773254,94.21835710419487,1199.0372137086347,2784.44956250332,-41.29975743942161,-30.107951023487924,9.670120770566612e-192,13.0,2.071186992865805,7.591828726835983,-169.21306576751158,280.3683554869749,11
v512,268.9871645984722,439.2830964769648,105730.09284792996,113779.78984135338,-170.29593187849258,-13.728866533550326,1.4787790392943827e-42,19.0,0.3420864212605343,-0.2663318920285507,-1691.7111653626737,2251.5959544142775,0
v513,0.0,0.0,0.0,0.0,0.0,0.0,1.0,48.0,0.0,-3.0,0.0,0.0,0
v514,0.0,0.0,0.0,0.0,0.0,0.0,1.0,51.0,0.0,-3.0,0.0,0.0,0
v515,0.0,0.0,0.0,0.0,0.0,0.0,1.0,41.0,0.0,-3.0,0.0,0.0,0
v516,0.0,0.0,0.0,0.0,0.0,0.0,1.0,46.0,0.0,-3.0,0.0,0.0,0
v517,0.6932091316970178,0.02997760617760618,115.86869579970012,0.04070828469037144,0.6632315255194117,0.9914636421238462,0.32151852592338526,7443.0,17.54575030020918,306.032798072253,-61.842120261357955,63.143668482701834,13
v518,1.7569345303148582,1.115798418972332,21.650161613708438,0.7275755022990776,0.6411361113425262,2.1890327847457933,0.028650739452247692,7395.0,16.79987586884392,297.1587382832341,-25.36996465090616,28.80463086184366,12
v519,1.7703307550644563,1.5741103053435115,18.847288633245984,0.14255713203898687,0.19622044972094477,0.7313207736973171,0.4646254392778828,7428.0,18.67790986513412,352.6413813140961,-23.444548747533233,26.9599039530464,11
v520,11.018790621256203,20.79830462287105,237.0743865763174,252.7034126261005,-9.779514001614848,-12.419328323225814,5.29768588647569e-35,5237.0,2.5646260676450927,10.508964776797098,-82.04890198784186,105.37186226926174,20
v521,2.707545642265836,3.0210871621621624,34.98797742516031,12.7768320657213,-0.3135415198963263,-1.4241310956971325,0.15443568513735212,0.0,8.345108380325255,78.88928123099495,-32.03205321881381,37.4875275378461,140
v522,9.973751074318667,39.40794135135135,9846.704245080624,21027.448938179423,-29.43419027703268,-7.534608755857996,5.2654893743211706e-14,0.0,4.5562120415758,22.71324843871427,-606.3684022832567,630.1069236303979,27
v523,14.705840200911544,15.530553378378379,52.10683794099211,32.52973251477883,-0.824713177466835,-3.0431903531996696,0.0023461311837258453,0.0,2.298294769970046,14.803434255735993,-28.04092577900655,57.55882630985678,43
v524,0.4510611198958237,0.1364631081081081,17.0894110392454,0.4844524537792306,0.3145980117877156,2.068082830913346,0.038654562535708696,0.0,10.811731126403904,135.24039305896562,-23.588622803601414,24.45022593648802,98
v525,5.829325253464794,4.654787432432433,497.87260189531474,2.5393541191787845,1.1745378210323612,1.4316274919088832,0.15227765938235646,0.0,18.236756445317674,385.6235808444578,-123.77603674162869,135.28341094752895,41
v526,5.563617112349995,6.074152617079891,15.865408180930915,19.506835531131074,-0.5105355047298961,-3.3165650765753725,0.0009141861497524137,182.0,6.787047421084936,64.43825691856615,-18.488307091385142,29.681090661992624,108
v527,1.451221495674821,1.2863794594594595,0.9324704522085907,0.700893785071426,0.16484203621536153,4.528022640667078,6.013731584707793e-06,0.0,0.3645361356896285,0.6871270729591559,-4.3116775167160535,7.192889439090085,2
v528,6.420141884475862,6.207742297297298,3.5842988338594806,2.5473378188445124,0.212399587178564,2.9798326961354826,0.0028900927714274847,0.0,0.1353948676786639,-0.08231162485728571,-4.850552088206478,17.663479544476605,0
v529,0.0,0.0,0.0,0.0,0.0,0.0,1.0,66.0,0.0,-3.0,0.0,0.0,0
v530,0.0,0.0,0.0,0.0,0.0,0.0,1.0,60.0,0.0,-3.0,0.0,0.0,0
v531,0.0,0.0,0.0,0.0,0.0,0.0,1.0,68.0,0.0,-3.0,0.0,0.0,0
v532,0.0,0.0,0.0,0.0,0.0,0.0,1.0,64.0,0.0,-3.0,0.0,0.0,0
v533,0.0,0.0,0.0,0.0,0.0,0.0,1.0,68.0,0.0,-3.0,0.0,0.0,0
v534,0.0,0.0,0.0,0.0,0.0,0.0,1.0,64.0,0.0,-3.0,0.0,0.0,0
v535,0.0,0.0,0.0,0.0,0.0,0.0,1.0,64.0,0.0,-3.0,0.0,0.0,0
v536,0.0,0.0,0.0,0.0,0.0,0.0,1.0,66.0,0.0,-3.0,0.0,0.0,0
v537,0.0,0.0,0.0,0.0,0.0,0.0,1.0,82.0,0.0,-3.0,0.0,0.0,0
v538,0.0,0.0,0.0,0.0,0.0,0.0,1.0,59.0,0.0,-3.0,0.0,0.0,0
v539,0.0,0.0,0.0,0.0,0.0,0.0,1.0,68.0,0.0,-3.0,0.0,0.0,0
v540,3.0521686699691557,2.8257031165311646,1.5293508723011942,1.648316205268429,0.22646555343799113,4.799614346505958,1.6098337342335513e-06,54.0,0.08716277420485644,-0.16207903338952612,-4.408200532341051,10.483311400575726,0
v541,1.9395880999158013,1.991955027173913,0.5250026337131651,0.573882006831836,-0.05236692725811176,-1.8908571821835907,0.05866869375469071,66.0,0.29522293846350334,-0.09142733383445378,-2.417956231810476,6.303879400300629,0
v542,9.589028224071823,10.251185094850948,8.369925076840813,8.836865901785677,-0.6621568707791248,-6.002831784362245,1.997906077027442e-09,60.0,0.3899233702925091,0.4775876534179835,-7.78454132515729,27.048097164541417,0
v543,0.11128908853924216,0.1100250677506775,7.51148055649899e-06,5.144893143300495e-06,0.0012640207885646626,12.244140395058347,2.9530315349918657e-34,12.0,0.4190189333908183,-0.10767447071161129,0.0948255223918363,0.1275901235703555,0
v544,0.00852812179905019,0.00783937753721245,2.439734328244258e-06,9.32010994128886e-07,0.0006887442618377405,11.83215061946485,4.090941955922349e-32,13.0,1.2484871257343482,4.437009047637684,-0.0007553441202972598,0.017722899443524304,5
v545,0.0025062203184654064,0.002561517615176152,8.871898702984828e-08,6.038955260651658e-08,-5.529729671074554e-05,-4.929367668724988,8.364976555145893e-07,14.0,0.06504767416552205,1.3016649995482688,0.0007392584372916213,0.004280293710482188,2
v546,7.656684911104906,7.127878108108107,1.800151947455231,0.6697390493712467,0.5288068029967983,10.58650838858891,4.5385496359152446e-26,8.0,1.2436211476607633,4.671846217658997,-0.3012575095159127,15.546471443156946,5
v547,1.0421374777975132,1.0049203852327446,0.15510550351587604,0.12497111352268093,0.03721709256476857,2.295587263445017,0.02172088116921439,1860.0,0.8867429427278571,1.8149741543544202,-1.3089219381766397,3.388381973479308,1
v548,403.46744315060846,405.507804340836,25.405639396490876,17.221986061543127,-2.040361190227543,-9.866020359774135,7.508743921817517e-23,1912.0,-0.1251711935148489,0.3694518492053289,373.52491239365867,433.6749503477549,0
v549,75.64548491719461,76.03235127795527,11.411323680891872,12.395895468486366,-0.3868663607606635,-2.7628673888343087,0.005740488699747671,1868.0,0.5145334260028191,-0.07025543954801794,55.33853395388022,96.00276911169183,0
v550,0.6604886920677362,0.6584968595041323,0.4446038170654312,0.49985119692720714,0.0019918325636039125,0.07084107493175218,0.9435257197059153,1910.0,2.081906838051818,7.2807203577394635,-3.3557884352672764,4.676514267643856,9
v551,16.868258348234242,19.26037689822294,18.243992472760297,86.96417314394765,-2.392118549988698,-12.084895652338112,2.2208569647265615e-33,1924.0,5.589496644835602,58.44927020301718,-11.769460019454819,45.815524407455236,55
v552,1.1798623507087844,1.9510798076923077,1.07086715935375,9.424109020137363,-0.7712174569835233,-14.661958876893737,3.7475780174032045e-48,1908.0,10.92556440690773,143.3283469556161,-6.477234979223223,8.937395805686752,56
v553,0.2756277728185673,0.2738035087719298,0.07507332480943482,0.08026576407712573,0.0018242640466374915,0.16081108153005322,0.8722455853243609,1902.0,2.004516935358431,6.6533634541338404,-1.3720866206418778,1.9231035984289253,9
v554,7.635713127841225,8.62892674230146,3.770007385746914,14.279089557416807,-0.9932136144602346,-11.324752157300674,1.520728678391197e-29,1855.0,5.093635250992813,52.05653818468374,-5.029497391906792,20.42811600959048,54
v555,0.4788216300244282,0.7984592891760905,0.19781251396851426,1.6441207044240895,-0.31963765915166237,-14.267546209863292,1.0184555734198704e-45,1866.0,11.50066213434045,158.5940357707063,-2.769463276635501,3.7682194117004366,52
v556,56.94744740295851,63.08687714748784,1201.2490259835456,1383.65540870511,-6.13942974452933,-4.23581868658664,2.2984422677302815e-05,1883.0,0.9380635076534021,1.9772387660310846,-151.80672679235423,266.4901370338197,1
v557,4.174038012477719,4.7404322314049585,1.2177827159610186,5.134835765499151,-0.5663942189272397,-11.141602137851937,1.1799824083810746e-28,1910.0,6.352348932967623,72.15231104213566,-3.0983792446884078,11.517986112447513,52
v558,1.5505647581989992,2.468211111111111,2.095735991157255,15.98482942776344,-0.9176463529121119,-12.787475285387641,3.863339080943426e-37,1875.0,11.601560977854417,157.6959892536219,-8.854966810829453,12.074619285871051,52
v559,0.9935167783361252,1.0126582432432432,0.0066953120060368534,0.011297558917072011,-0.01914146490711799,-6.023457394384882,1.7595704213587361e-09,5.0,1.6371999772418662,3.399491055225437,0.4922899761073457,1.497210006480152,5
v560,0.3236721555493534,0.3644508108108109,0.04089921027690323,0.04082709238093845,-0.040778655261457464,-5.305897429004307,1.1420530522337734e-07,2.0,0.4186096059465536,-0.03775741377006092,-0.8884787359722472,1.5410761073709764,0
v561,0.0720383012373244,0.08142608108108108,0.002706518096518477,0.002310453053633471,-0.009387779843756688,-4.770569239816905,1.8596674526601593e-06,2.0,1.0121353733926606,1.59719732729401,-0.23832353936216816,0.3836094650301985,3
v562,32.09279903201787,36.15423986486486,362.0908687835083,395.35852669650063,-4.061440832846991,-5.599423712874685,2.2000586043995543e-08,7.0,0.3997831876998526,-0.01280525449283676,-82.30591899288211,147.0149350674206,0
v563,262.89779369399645,260.3654565656566,57.819887586599634,65.88551442600235,2.5323371283398615,7.8254702609993165,5.596487891008391e-15,1969.0,0.032311137122050505,0.8621396787167717,216.77367672853612,308.7059668967527,1
v564,0.6810732000449287,0.6659901861252114,0.015207785543195993,0.007695250140812757,0.015083013919717225,2.9245871000467383,0.0034572954588233066,1997.0,0.514675431540139,0.35397316913949695,-0.04862624433320084,1.4088948139561204,0
v565,6.4470290060851925,6.663465579119087,6.992512577506348,7.421819482914574,-0.21643657303389485,-1.9560547753574191,0.050488011049875534,2004.0,1.0080962557861781,2.8890171132399214,-9.438764384303909,22.360792380509245,4
v566,0.1437856145880234,0.16260016339869282,0.006309497476251757,0.009670192160366057,-0.018814548810669407,-5.572976775171905,2.572654814845108e-08,1995.0,1.1835942307266079,2.5615300886165873,-0.34046219986129467,0.6304585562218676,5
v567,2.6130748431196773,2.6261081699346405,1.079284443375802,1.0150606044503279,-0.013033326814963164,-0.3008079961547264,0.7635674699357708,1955.0,1.1330098926209466,4.147694658269882,-3.6072121059096607,8.83503469399691,6
v568,0.05919604938271605,0.06741537162162162,0.0010097273073227378,0.0016701250932626788,-0.00821932223890557,-5.974009298230239,2.3980730706950468e-09,1989.0,1.2602821519781362,3.0227693116982435,-0.1351438932647315,0.25456016352362437,6
v569,2.4483430588235295,2.5553685185185184,0.9887404001571597,1.0517494597660981,-0.10702545969498889,-2.535053317106849,0.011258898528473038,1972.0,1.0284315062842988,3.2507133229330973,-3.524641169044386,8.434684387869893,5
v570,20.902149555330404,24.084811804384486,99.24292668585069,148.4461611654685,-3.182662249054083,-7.4184006976644055,1.2873541092903919e-13,2015.0,1.1678957752444132,2.2455473692530603,-39.76274871978475,81.96538440994937,4
v571,530.662313459213,530.1338685135134,284.59555964072956,474.42444157839833,0.5284449456995617,0.8070955064314774,0.4196281685468911,0.0,-4.354885631295787,24.379231273522795,427.26153298091873,633.9950321048008,18
v572,2.104855520416705,2.072601216216216,0.07222577210510356,0.126687710729236,0.032254304200488804,3.084027540867207,0.0020470321563298343,0.0,-0.6432643675188424,0.9228479191555552,0.45103396968511356,3.754522831289563,0
v573,29.835617375127892,6.065091891891892,7731.920948231121,2926.9859551515447,23.770525483236,7.259632608027775,4.13186163697727e-13,0.0,2.22786276194563,5.135202773473274,-489.79289030898383,546.4025657767412,7
v574,0.35202645335317645,0.24315675675675677,0.06387979918852711,0.01450307950773507,0.10886969659641968,11.626809535444378,4.494268881449245e-31,0.0,2.2106545945195393,6.750763783982007,-1.1418794987111742,1.8319103750491779,13
v575,9.605330852943911,1.6727087837837837,752.9939630557578,233.24557394112705,7.932622069160128,7.781151672811013,7.801643220490731e-15,0.0,2.2216614679320963,5.13762446977249,-152.2700023408848,170.45897048987098,4
v576,0.10650055808761975,0.07668837837837839,0.004733859355967579,0.0012698746144168525,0.029812179709241368,11.679289026922419,2.4449232660743193e-31,0.0,1.8852262538604143,4.733640137970547,-0.30077286084342936,0.5099342741233875,10
v577,5.787698055994792,1.699743918918919,294.3823936402446,153.57925784812267,4.087954137075872,6.367911582616153,1.9892953290779835e-10,0.0,2.1597727695519326,4.739591245088291,-95.9993411403678,107.04822327421168,0
v578,16.949860580411126,11.631100675675675,162.19698338057992,37.20373762001307,5.318759904735451,11.271714312656417,2.579376669968369e-29,0.0,2.156249062351639,5.732163790612594,-58.29618945825243,91.51087322815931,10
v579,0.021251260306242636,0.022841355932203388,0.00013383105696450557,0.0001307195083592759,-0.0015900956259607517,-2.2845151714065186,0.022387230909239123,6951.0,0.8904984134224193,3.66520864209516,-0.048036574202315635,0.09074573719791035,3
v580,0.016551101634683724,0.019346822742474915,8.880155151123194e-05,0.0001058605519516958,-0.00279572110779119,-4.926329809397106,8.678269557078002e-07,6971.0,1.752620247246355,5.322033894628309,-0.040308082984731944,0.07378016263074964,3
v581,0.005336889097744361,0.006029109589041096,9.152801036816483e-06,8.757672056677495e-06,-0.0006922204912967345,-3.7874800113839635,0.00015414851115334982,6943.0,1.6916574633069903,5.116901099400932,-0.012772308106852488,0.023534973014504204,4
v582,98.78992066332617,99.95700573476702,8112.980971981263,4734.91888271191,-1.1670850714408516,-0.21233386583440086,0.8318562624202116,7021.0,2.5532798439454463,9.606905841115811,-434.46631399947086,632.1918451404105,9
v583,0.49998294544777516,0.5014085135135136,1.1123122205198059e-05,1.3971415919979524e-05,-0.0014255680657384029,-11.155113901212976,9.499816739330597e-29,9.0,-0.05081109215213526,0.227836961997534,0.479791595303829,0.520358047615523,0
v584,0.015077807760305201,0.016109729729729728,0.0002696894227759941,4.344317989979153e-05,-0.0010319219694245266,-1.6998901603381027,0.08917866517315932,4.0,11.825637590321193,153.8473272635645,-0.08070064501736826,0.11098921470484105,58
v585,0.0037967609828741624,0.0040078378378378375,1.2627013616513453e-05,1.7641604066854406e-06,-0.0002110768549636751,-1.6080944869217306,0.10784198059729103,7.0,12.232021225035691,161.24878817593554,-0.01691311167344213,0.02453383615968386,58
v586,3.020576891577478,3.2077246278755074,11.693774871434492,1.7397214188506402,-0.18714773629802917,-1.4801441784874225,0.13886221034589113,7.0,11.991645268217948,156.81968104368704,-16.916932763444652,22.98217261018795,58
v587,0.021411756492599833,0.021772567567567565,0.0001543817673761855,0.00013175433440002925,-0.0003608110749677325,-0.7676993108562307,0.4426816337481251,8.0,0.7937846355985463,2.2416087573741654,-0.05276144717504706,0.0956314637212458,4
v588,0.01622780260707635,0.018971891891891895,7.667939269406156e-05,6.679206407490034e-05,-0.0027440892848155443,-8.279730974567935,1.371097429032025e-16,11.0,0.9586448961604731,2.000864559645713,-0.03607055986435741,0.06887993268665706,2
v589,0.00520768586582302,0.006022192151556157,8.178375688394103e-06,6.689127437282493e-06,-0.0008145062857331372,-7.533528051809095,5.3092236330541875e-14,5.0,1.0212162135593696,2.446048079440165,-0.01183928739714513,0.02235946848716777,3
v590,99.63679175430431,101.04998918918919,9125.330402960819,6890.234365859125,-1.4131974348848786,-0.392357763335636,0.694801171246715,6.0,1.3460459644952179,2.5215528291967946,-468.8755010495819,668.331194458376,3
